lam(nm) Flux (10^-20 J/s/m2/um)
304.395 1.31788e+06
304.545 1.26541e+06
304.695 1.21293e+06
304.845 1.16054e+06
304.995 1.10816e+06
305.145 1.05589e+06
305.295 1.00361e+06
305.445 951436
305.595 899262
305.745 847192
305.895 795123
306.045 743153
306.195 691183
306.345 639317
306.495 587450
306.645 535687
306.795 483923
306.945 432255
307.095 380587
307.245 329023
307.395 277459
307.545 302753
307.695 328046
307.845 353290
307.995 378534
308.145 403729
308.295 428924
308.445 454069
308.595 479214
308.745 504310
308.895 529407
309.045 554455
309.195 579503
309.345 604503
309.495 629503
309.645 654454
309.795 679406
309.945 704308
310.095 729210
310.245 754067
310.395 778923
310.545 829374
310.695 879826
310.845 930182
310.995 980538
311.145 1.0308e+06
311.295 1.08106e+06
311.445 1.13121e+06
311.595 1.18137e+06
311.745 1.23144e+06
311.895 1.2815e+06
312.045 1.33147e+06
312.195 1.38144e+06
312.345 1.43131e+06
312.495 1.48119e+06
312.645 1.53096e+06
312.795 1.58074e+06
312.945 1.63042e+06
313.095 1.6801e+06
313.245 1.72969e+06
313.395 1.77928e+06
313.545 1.77709e+06
313.695 1.7749e+06
313.845 1.77271e+06
313.995 1.77053e+06
314.145 1.76835e+06
314.295 1.76617e+06
314.445 1.76399e+06
314.595 1.76182e+06
314.745 1.75964e+06
314.895 1.75747e+06
315.045 1.7553e+06
315.195 1.75313e+06
315.345 1.75097e+06
315.495 1.7488e+06
315.645 1.74664e+06
315.795 1.74448e+06
315.945 1.74233e+06
316.095 1.74017e+06
316.245 1.73802e+06
316.395 1.73587e+06
316.545 1.71572e+06
316.695 1.69557e+06
316.845 1.67547e+06
316.995 1.65536e+06
317.145 1.63529e+06
317.295 1.61522e+06
317.445 1.59519e+06
317.595 1.57516e+06
317.745 1.55517e+06
317.895 1.53517e+06
318.045 1.51521e+06
318.195 1.49526e+06
318.345 1.47534e+06
318.495 1.45543e+06
318.645 1.43554e+06
318.795 1.41566e+06
318.945 1.39582e+06
319.095 1.37598e+06
319.245 1.35617e+06
319.395 1.33636e+06
319.545 1.35079e+06
319.695 1.36521e+06
319.845 1.37961e+06
319.995 1.394e+06
320.145 1.40837e+06
320.295 1.42275e+06
320.445 1.43709e+06
320.595 1.45144e+06
320.745 1.46575e+06
320.895 1.48007e+06
321.045 1.49436e+06
321.195 1.50865e+06
321.345 1.52291e+06
321.495 1.53717e+06
321.645 1.55141e+06
321.795 1.56565e+06
321.945 1.57986e+06
322.095 1.59407e+06
322.245 1.60825e+06
322.395 1.62244e+06
322.545 1.60067e+06
322.695 1.5789e+06
322.845 1.55716e+06
322.995 1.53542e+06
323.145 1.51373e+06
323.295 1.49205e+06
323.445 1.47039e+06
323.595 1.44874e+06
323.745 1.42712e+06
323.895 1.40551e+06
324.045 1.38394e+06
324.195 1.36237e+06
324.345 1.34083e+06
324.495 1.3193e+06
324.645 1.29781e+06
324.795 1.27631e+06
324.945 1.25486e+06
325.095 1.23341e+06
325.245 1.21199e+06
325.395 1.19058e+06
325.545 1.21388e+06
325.695 1.23719e+06
325.845 1.26045e+06
325.995 1.28372e+06
326.145 1.30693e+06
326.295 1.33015e+06
326.445 1.35333e+06
326.595 1.3765e+06
326.745 1.39964e+06
326.895 1.42277e+06
327.045 1.44586e+06
327.195 1.46895e+06
327.345 1.492e+06
327.495 1.51505e+06
327.645 1.53806e+06
327.795 1.56107e+06
327.945 1.58403e+06
328.095 1.607e+06
328.245 1.62992e+06
328.395 1.65284e+06
328.545 1.64417e+06
328.695 1.6355e+06
328.845 1.62685e+06
328.995 1.6182e+06
329.145 1.60956e+06
329.295 1.60092e+06
329.445 1.5923e+06
329.595 1.58368e+06
329.745 1.57507e+06
329.895 1.56647e+06
330.045 1.55788e+06
330.195 1.54929e+06
330.345 1.54071e+06
330.495 1.53213e+06
330.645 1.52357e+06
330.795 1.51501e+06
330.945 1.50647e+06
331.095 1.49792e+06
331.245 1.4894e+06
331.395 1.48087e+06
331.545 1.47462e+06
331.695 1.46836e+06
331.845 1.46212e+06
331.995 1.45588e+06
332.145 1.44965e+06
332.295 1.44342e+06
332.445 1.43719e+06
332.595 1.43097e+06
332.745 1.42477e+06
332.895 1.41856e+06
333.045 1.41236e+06
333.195 1.40616e+06
333.345 1.39997e+06
333.495 1.39379e+06
333.645 1.38761e+06
333.795 1.38144e+06
333.945 1.37527e+06
334.095 1.36911e+06
334.245 1.36296e+06
334.395 1.35681e+06
334.545 1.3508e+06
334.695 1.34479e+06
334.845 1.33878e+06
334.995 1.33278e+06
335.145 1.32679e+06
335.295 1.3208e+06
335.445 1.31483e+06
335.595 1.30885e+06
335.745 1.30288e+06
335.895 1.29692e+06
336.045 1.29096e+06
336.195 1.285e+06
336.345 1.27906e+06
336.495 1.27311e+06
336.645 1.26718e+06
336.795 1.26124e+06
336.945 1.25532e+06
337.095 1.24939e+06
337.245 1.24347e+06
337.395 1.23756e+06
337.545 1.25523e+06
337.695 1.2729e+06
337.845 1.29054e+06
337.995 1.30818e+06
338.145 1.32579e+06
338.295 1.3434e+06
338.445 1.36098e+06
338.595 1.37855e+06
338.745 1.3961e+06
338.895 1.41365e+06
339.045 1.43117e+06
339.195 1.44868e+06
339.345 1.46617e+06
339.495 1.48365e+06
339.645 1.5011e+06
339.795 1.51856e+06
339.945 1.53598e+06
340.095 1.5534e+06
340.245 1.5708e+06
340.395 1.58819e+06
340.545 1.57839e+06
340.695 1.56859e+06
340.845 1.55881e+06
340.995 1.54903e+06
341.145 1.53927e+06
341.295 1.5295e+06
341.445 1.51976e+06
341.595 1.51002e+06
341.745 1.50029e+06
341.895 1.49056e+06
342.045 1.48085e+06
342.195 1.47114e+06
342.345 1.46145e+06
342.495 1.45175e+06
342.645 1.44208e+06
342.795 1.4324e+06
342.945 1.42274e+06
343.095 1.41307e+06
343.245 1.40343e+06
343.395 1.39379e+06
343.545 1.39813e+06
343.695 1.40247e+06
343.845 1.4068e+06
343.995 1.41113e+06
344.145 1.41546e+06
344.295 1.41979e+06
344.445 1.4241e+06
344.595 1.42842e+06
344.745 1.43273e+06
344.895 1.43704e+06
345.045 1.44134e+06
345.195 1.44564e+06
345.345 1.44994e+06
345.495 1.45423e+06
345.645 1.45852e+06
345.795 1.46281e+06
345.945 1.46709e+06
346.095 1.47137e+06
346.245 1.47564e+06
346.395 1.47991e+06
346.545 1.48307e+06
346.695 1.48623e+06
346.845 1.48938e+06
346.995 1.49254e+06
347.145 1.49569e+06
347.295 1.49884e+06
347.445 1.50198e+06
347.595 1.50512e+06
347.745 1.50826e+06
347.895 1.5114e+06
348.045 1.51453e+06
348.195 1.51766e+06
348.345 1.52079e+06
348.495 1.52392e+06
348.645 1.52704e+06
348.795 1.53016e+06
348.945 1.53328e+06
349.095 1.53639e+06
349.245 1.53951e+06
349.395 1.54262e+06
349.545 1.52018e+06
349.695 1.49774e+06
349.845 1.47533e+06
349.995 1.45293e+06
350.145 1.43056e+06
350.295 1.4082e+06
350.445 1.38587e+06
350.595 1.36354e+06
350.745 1.34125e+06
350.895 1.31896e+06
351.045 1.29671e+06
351.195 1.27446e+06
351.345 1.25225e+06
351.495 1.23003e+06
351.645 1.20786e+06
351.795 1.18568e+06
351.945 1.16354e+06
352.095 1.1414e+06
352.245 1.1193e+06
352.395 1.0972e+06
352.545 1.1204e+06
352.695 1.14359e+06
352.845 1.16674e+06
352.995 1.1899e+06
353.145 1.21301e+06
353.295 1.23612e+06
353.445 1.25919e+06
353.595 1.28227e+06
353.745 1.30531e+06
353.895 1.32834e+06
354.045 1.35134e+06
354.195 1.37433e+06
354.345 1.39729e+06
354.495 1.42025e+06
354.645 1.44317e+06
354.795 1.46609e+06
354.945 1.48897e+06
355.095 1.51185e+06
355.245 1.53469e+06
355.395 1.55753e+06
355.545 1.53179e+06
355.695 1.50605e+06
355.845 1.48035e+06
355.995 1.45465e+06
356.145 1.42899e+06
356.295 1.40334e+06
356.445 1.37773e+06
356.595 1.35212e+06
356.745 1.32655e+06
356.895 1.30098e+06
357.045 1.27545e+06
357.195 1.24992e+06
357.345 1.22444e+06
357.495 1.19896e+06
357.645 1.17351e+06
357.795 1.14807e+06
357.945 1.12267e+06
358.095 1.09728e+06
358.245 1.07192e+06
358.395 1.04657e+06
358.545 1.02776e+06
358.695 1.00895e+06
358.845 990173
358.995 971397
359.145 952652
359.295 933907
359.445 915191
359.595 896476
359.745 877792
359.895 859108
360.045 840456
360.195 821804
360.345 803184
360.495 784565
360.645 765975
360.795 747384
360.945 728825
361.095 710266
361.245 691738
361.395 673210
361.545 653888
361.695 634567
361.845 615276
361.995 595985
362.145 576727
362.295 557470
362.445 538244
362.595 519019
362.745 499824
362.895 480629
363.045 461466
363.195 442303
363.345 423172
363.495 404041
363.645 384942
363.795 365842
363.945 346774
364.095 327707
364.245 308670
364.395 289633
364.545 324015
364.695 358397
364.845 392722
364.995 427047
365.145 461317
365.295 495586
365.445 529799
365.595 564011
365.745 598168
365.895 632325
366.045 666426
366.195 700526
366.345 734571
366.495 768616
366.645 802604
366.795 836591
366.945 870526
367.095 904462
367.245 938341
367.395 972220
367.545 999373
367.695 1.02653e+06
367.845 1.05364e+06
367.995 1.08075e+06
368.145 1.10781e+06
368.295 1.13488e+06
368.445 1.1619e+06
368.595 1.18892e+06
368.745 1.2159e+06
368.895 1.24288e+06
369.045 1.26981e+06
369.195 1.29675e+06
369.345 1.32364e+06
369.495 1.35053e+06
369.645 1.37738e+06
369.795 1.40422e+06
369.945 1.43103e+06
370.095 1.45783e+06
370.245 1.48459e+06
370.395 1.51136e+06
370.545 1.5151e+06
370.695 1.51885e+06
370.845 1.52259e+06
370.995 1.52633e+06
371.145 1.53006e+06
371.295 1.5338e+06
371.445 1.53753e+06
371.595 1.54126e+06
371.745 1.54498e+06
371.895 1.5487e+06
372.045 1.55241e+06
372.195 1.55613e+06
372.345 1.55984e+06
372.495 1.56355e+06
372.645 1.56726e+06
372.795 1.57096e+06
372.945 1.57466e+06
373.095 1.57836e+06
373.245 1.58205e+06
373.395 1.58574e+06
373.545 1.58055e+06
373.695 1.57535e+06
373.845 1.57016e+06
373.995 1.56498e+06
374.145 1.5598e+06
374.295 1.55462e+06
374.445 1.54945e+06
374.595 1.54428e+06
374.745 1.53912e+06
374.895 1.53395e+06
375.045 1.5288e+06
375.195 1.52365e+06
375.345 1.5185e+06
375.495 1.51335e+06
375.645 1.50821e+06
375.795 1.50307e+06
375.945 1.49795e+06
376.095 1.49282e+06
376.245 1.48769e+06
376.395 1.48257e+06
376.545 1.47116e+06
376.695 1.45975e+06
376.845 1.44836e+06
376.995 1.43696e+06
377.145 1.42559e+06
377.295 1.41421e+06
377.445 1.40286e+06
377.595 1.3915e+06
377.745 1.38016e+06
377.895 1.36882e+06
378.045 1.3575e+06
378.195 1.34618e+06
378.345 1.33488e+06
378.495 1.32358e+06
378.645 1.31229e+06
378.795 1.30101e+06
378.945 1.28974e+06
379.095 1.27847e+06
379.245 1.26722e+06
379.395 1.25597e+06
379.545 1.26946e+06
379.695 1.28295e+06
379.845 1.29641e+06
379.995 1.30988e+06
380.145 1.32332e+06
380.295 1.33676e+06
380.445 1.35018e+06
380.595 1.36361e+06
380.745 1.37701e+06
380.895 1.3904e+06
381.045 1.40379e+06
381.195 1.41717e+06
381.345 1.43052e+06
381.495 1.44388e+06
381.645 1.45722e+06
381.795 1.47056e+06
381.945 1.48388e+06
382.095 1.4972e+06
382.245 1.51049e+06
382.395 1.52378e+06
382.545 1.5245e+06
382.695 1.52522e+06
382.845 1.52594e+06
382.995 1.52666e+06
383.145 1.52738e+06
383.295 1.52809e+06
383.445 1.52881e+06
383.595 1.52952e+06
383.745 1.53023e+06
383.895 1.53094e+06
384.045 1.53166e+06
384.195 1.53237e+06
384.345 1.53308e+06
384.495 1.5338e+06
384.645 1.53451e+06
384.795 1.53522e+06
384.945 1.53592e+06
385.095 1.53663e+06
385.245 1.53734e+06
385.395 1.53805e+06
385.545 1.51863e+06
385.695 1.4992e+06
385.845 1.47981e+06
385.995 1.46041e+06
386.145 1.44105e+06
386.295 1.42168e+06
386.445 1.40234e+06
386.595 1.383e+06
386.745 1.36369e+06
386.895 1.34439e+06
387.045 1.32511e+06
387.195 1.30583e+06
387.345 1.28659e+06
387.495 1.26734e+06
387.645 1.24813e+06
387.795 1.22891e+06
387.945 1.20972e+06
388.095 1.19053e+06
388.245 1.17138e+06
388.395 1.15222e+06
388.545 1.1542e+06
388.695 1.15619e+06
388.845 1.15817e+06
388.995 1.16015e+06
389.145 1.16213e+06
389.295 1.16411e+06
389.445 1.16609e+06
389.595 1.16806e+06
389.745 1.17003e+06
389.895 1.172e+06
390.045 1.17397e+06
390.195 1.17594e+06
390.345 1.17791e+06
390.495 1.17987e+06
390.645 1.18184e+06
390.795 1.1838e+06
390.945 1.18576e+06
391.095 1.18772e+06
391.245 1.18968e+06
391.395 1.19164e+06
391.545 1.20515e+06
391.695 1.21866e+06
391.845 1.23215e+06
391.995 1.24564e+06
392.145 1.25912e+06
392.295 1.27259e+06
392.445 1.28604e+06
392.595 1.29949e+06
392.745 1.31292e+06
392.895 1.32635e+06
393.045 1.33976e+06
393.195 1.35317e+06
393.345 1.36656e+06
393.495 1.37995e+06
393.645 1.39332e+06
393.795 1.40668e+06
393.945 1.42003e+06
394.095 1.43338e+06
394.245 1.44671e+06
394.395 1.46003e+06
394.545 1.45406e+06
394.695 1.44808e+06
394.845 1.44212e+06
394.995 1.43616e+06
395.145 1.4302e+06
395.295 1.42424e+06
395.445 1.41829e+06
395.595 1.41235e+06
395.745 1.40641e+06
395.895 1.40047e+06
396.045 1.39454e+06
396.195 1.38862e+06
396.345 1.38269e+06
396.495 1.37677e+06
396.645 1.37086e+06
396.795 1.36495e+06
396.945 1.35905e+06
397.095 1.35315e+06
397.245 1.34725e+06
397.395 1.34136e+06
397.545 1.33189e+06
397.695 1.32242e+06
397.845 1.31298e+06
397.995 1.30353e+06
398.145 1.29409e+06
398.295 1.28465e+06
398.445 1.27523e+06
398.595 1.2658e+06
398.745 1.25639e+06
398.895 1.24699e+06
399.045 1.23759e+06
399.195 1.2282e+06
399.345 1.21881e+06
399.495 1.20943e+06
399.645 1.20007e+06
399.795 1.1907e+06
399.945 1.18135e+06
400.095 1.172e+06
400.245 1.16266e+06
400.395 1.15333e+06
400.545 1.16475e+06
400.695 1.17618e+06
400.845 1.18759e+06
400.995 1.199e+06
401.145 1.2104e+06
401.295 1.2218e+06
401.445 1.23318e+06
401.595 1.24456e+06
401.745 1.25592e+06
401.895 1.26728e+06
402.045 1.27862e+06
402.195 1.28997e+06
402.345 1.30129e+06
402.495 1.31262e+06
402.645 1.32393e+06
402.795 1.33524e+06
402.945 1.34654e+06
403.095 1.35783e+06
403.245 1.36911e+06
403.395 1.38038e+06
403.545 1.37758e+06
403.695 1.37477e+06
403.845 1.37196e+06
403.995 1.36916e+06
404.145 1.36636e+06
404.295 1.36356e+06
404.445 1.36077e+06
404.595 1.35797e+06
404.745 1.35518e+06
404.895 1.35239e+06
405.045 1.3496e+06
405.195 1.34681e+06
405.345 1.34403e+06
405.495 1.34125e+06
405.645 1.33847e+06
405.795 1.33569e+06
405.945 1.33291e+06
406.095 1.33014e+06
406.245 1.32737e+06
406.395 1.32459e+06
406.545 1.31682e+06
406.695 1.30905e+06
406.845 1.30129e+06
406.995 1.29353e+06
407.145 1.28578e+06
407.295 1.27803e+06
407.445 1.2703e+06
407.595 1.26256e+06
407.745 1.25484e+06
407.895 1.24711e+06
408.045 1.2394e+06
408.195 1.23168e+06
408.345 1.22398e+06
408.495 1.21628e+06
408.645 1.20858e+06
408.795 1.20089e+06
408.945 1.19321e+06
409.095 1.18553e+06
409.245 1.17786e+06
409.395 1.17019e+06
409.545 1.17161e+06
409.695 1.17303e+06
409.845 1.17445e+06
409.995 1.17588e+06
410.145 1.1773e+06
410.295 1.17872e+06
410.445 1.18013e+06
410.595 1.18155e+06
410.745 1.18296e+06
410.895 1.18438e+06
411.045 1.18579e+06
411.195 1.1872e+06
411.345 1.18862e+06
411.495 1.19003e+06
411.645 1.19144e+06
411.795 1.19284e+06
411.945 1.19425e+06
412.095 1.19565e+06
412.245 1.19706e+06
412.395 1.19847e+06
412.545 1.19949e+06
412.695 1.20051e+06
412.845 1.20153e+06
412.995 1.20255e+06
413.145 1.20356e+06
413.295 1.20458e+06
413.445 1.2056e+06
413.595 1.20662e+06
413.745 1.20763e+06
413.895 1.20865e+06
414.045 1.20966e+06
414.195 1.21068e+06
414.345 1.21169e+06
414.495 1.2127e+06
414.645 1.21371e+06
414.795 1.21472e+06
414.945 1.21573e+06
415.095 1.21674e+06
415.245 1.21775e+06
415.395 1.21875e+06
415.545 1.21055e+06
415.695 1.20235e+06
415.845 1.19416e+06
415.995 1.18597e+06
416.145 1.17779e+06
416.295 1.16961e+06
416.445 1.16144e+06
416.595 1.15327e+06
416.745 1.14511e+06
416.895 1.13696e+06
417.045 1.12881e+06
417.195 1.12067e+06
417.345 1.11253e+06
417.495 1.1044e+06
417.645 1.09628e+06
417.795 1.08816e+06
417.945 1.08005e+06
418.095 1.07194e+06
418.245 1.06385e+06
418.395 1.05575e+06
418.545 1.05845e+06
418.695 1.06115e+06
418.845 1.06385e+06
418.995 1.06655e+06
419.145 1.06925e+06
419.295 1.07195e+06
419.445 1.07464e+06
419.595 1.07733e+06
419.745 1.08002e+06
419.895 1.08271e+06
420.045 1.08539e+06
420.195 1.08808e+06
420.345 1.09076e+06
420.495 1.09344e+06
420.645 1.09612e+06
420.795 1.09879e+06
420.945 1.10147e+06
421.095 1.10414e+06
421.245 1.10681e+06
421.395 1.10948e+06
421.545 1.10886e+06
421.695 1.10824e+06
421.845 1.10762e+06
421.995 1.107e+06
422.145 1.10638e+06
422.295 1.10575e+06
422.445 1.10514e+06
422.595 1.10452e+06
422.745 1.1039e+06
422.895 1.10328e+06
423.045 1.10266e+06
423.195 1.10205e+06
423.345 1.10143e+06
423.495 1.10082e+06
423.645 1.1002e+06
423.795 1.09958e+06
423.945 1.09897e+06
424.095 1.09835e+06
424.245 1.09774e+06
424.395 1.09713e+06
424.545 1.09797e+06
424.695 1.09881e+06
424.845 1.09964e+06
424.995 1.10048e+06
425.145 1.10132e+06
425.295 1.10216e+06
425.445 1.10299e+06
425.595 1.10382e+06
425.745 1.10466e+06
425.895 1.1055e+06
426.045 1.10633e+06
426.195 1.10717e+06
426.345 1.108e+06
426.495 1.10883e+06
426.645 1.10966e+06
426.795 1.11049e+06
426.945 1.11132e+06
427.095 1.11215e+06
427.245 1.11298e+06
427.395 1.11381e+06
427.545 1.1139e+06
427.695 1.11399e+06
427.845 1.11408e+06
427.995 1.11417e+06
428.145 1.11426e+06
428.295 1.11435e+06
428.445 1.11444e+06
428.595 1.11453e+06
428.745 1.11462e+06
428.895 1.1147e+06
429.045 1.11479e+06
429.195 1.11489e+06
429.345 1.11497e+06
429.495 1.11506e+06
429.645 1.11515e+06
429.795 1.11524e+06
429.945 1.11533e+06
430.095 1.11542e+06
430.245 1.11551e+06
430.395 1.1156e+06
430.545 1.11826e+06
430.695 1.12091e+06
430.845 1.12357e+06
430.995 1.12623e+06
431.145 1.12888e+06
431.295 1.13153e+06
431.445 1.13418e+06
431.595 1.13683e+06
431.745 1.13947e+06
431.895 1.14212e+06
432.045 1.14476e+06
432.195 1.1474e+06
432.345 1.15004e+06
432.495 1.15267e+06
432.645 1.15122e+06
432.795 1.14976e+06
432.945 1.14831e+06
433.095 1.14685e+06
433.245 1.1454e+06
433.395 1.14395e+06
433.545 1.1425e+06
433.695 1.14105e+06
433.845 1.1396e+06
433.995 1.13816e+06
434.145 1.13609e+06
434.295 1.13403e+06
434.445 1.13196e+06
434.595 1.1299e+06
434.745 1.12784e+06
434.895 1.12579e+06
435.045 1.12373e+06
435.195 1.12167e+06
435.345 1.11962e+06
435.495 1.11757e+06
435.645 1.11552e+06
435.795 1.11347e+06
435.945 1.11142e+06
436.095 1.10937e+06
436.245 1.10733e+06
436.395 1.10529e+06
436.545 1.10092e+06
436.695 1.09655e+06
436.845 1.09219e+06
436.995 1.08783e+06
437.145 1.08347e+06
437.295 1.07912e+06
437.445 1.07477e+06
437.595 1.07042e+06
437.745 1.06608e+06
437.895 1.06174e+06
438.045 1.0574e+06
438.195 1.05306e+06
438.345 1.04873e+06
438.495 1.0444e+06
438.645 1.04007e+06
438.795 1.03575e+06
438.945 1.03143e+06
439.095 1.02711e+06
439.245 1.0228e+06
439.395 1.01848e+06
439.545 1.01842e+06
439.695 1.01835e+06
439.845 1.01828e+06
439.995 1.01821e+06
440.145 1.01814e+06
440.295 1.01808e+06
440.445 1.01801e+06
440.595 1.01794e+06
440.745 1.01787e+06
440.895 1.0178e+06
441.045 1.01774e+06
441.195 1.01767e+06
441.345 1.0176e+06
441.495 1.01754e+06
441.645 1.01747e+06
441.795 1.0174e+06
441.945 1.01733e+06
442.095 1.01726e+06
442.245 1.01719e+06
442.395 1.01713e+06
442.545 1.0164e+06
442.695 1.01568e+06
442.845 1.01496e+06
442.995 1.01423e+06
443.145 1.01351e+06
443.295 1.01279e+06
443.445 1.01207e+06
443.595 1.01135e+06
443.745 1.01063e+06
443.895 1.00991e+06
444.045 1.0092e+06
444.195 1.00848e+06
444.345 1.00776e+06
444.495 1.00704e+06
444.645 1.00632e+06
444.795 1.00561e+06
444.945 1.00489e+06
445.095 1.00418e+06
445.245 1.00346e+06
445.395 1.00275e+06
445.545 1.00248e+06
445.695 1.00221e+06
445.845 1.00194e+06
445.995 1.00167e+06
446.145 1.0014e+06
446.295 1.00113e+06
446.445 1.00086e+06
446.595 1.00059e+06
446.745 1.00033e+06
446.895 1.00006e+06
447.045 999793
447.195 999528
447.345 999260
447.495 998993
447.645 998725
447.795 998457
447.945 998191
448.095 997925
448.245 997658
448.395 997391
448.545 993652
448.695 989913
448.845 986175
448.995 982436
449.145 978704
449.295 974973
449.445 971247
449.595 967522
449.745 963800
449.895 960078
450.045 956362
450.195 952646
450.345 948934
450.495 945222
450.645 941517
450.795 937811
450.945 934108
451.095 930404
451.245 926708
451.395 923011
451.545 915088
451.695 907164
451.845 899248
451.995 891332
452.145 883429
452.295 875526
452.445 867631
452.595 859736
452.745 851852
452.895 843968
453.045 836096
453.195 828225
453.345 820363
453.495 812500
453.645 817106
453.795 821711
453.945 826311
454.095 830912
454.245 835507
454.395 840102
454.545 844691
454.695 849280
454.845 853861
454.995 858442
455.145 859253
455.295 860064
455.445 860873
455.595 861681
455.745 862487
455.895 863292
456.045 864099
456.195 864905
456.345 865711
456.495 866518
456.645 867321
456.795 868125
456.945 868927
457.095 869729
457.245 870532
457.395 871335
457.545 865882
457.695 860429
457.845 854983
457.995 849538
458.145 844100
458.295 838662
458.445 833231
458.595 827801
458.745 822376
458.895 816952
459.045 811535
459.195 806119
459.345 800709
459.495 795300
459.645 789899
459.795 784498
459.945 779101
460.095 773703
460.245 768316
460.395 762928
460.545 764440
460.695 765951
460.845 767459
460.995 768967
461.145 770474
461.295 771982
461.445 773489
461.595 774997
461.745 776500
461.895 778003
462.045 779505
462.195 781007
462.345 782507
462.495 784008
462.645 785507
462.795 787005
462.945 788500
463.095 789995
463.245 791489
463.395 792983
463.545 791114
463.695 789245
463.845 787380
463.995 785515
464.145 783652
464.295 781788
464.445 779929
464.595 778070
464.745 776212
464.895 774353
465.045 772498
465.195 770644
465.345 768790
465.495 766936
465.645 765085
465.795 763234
465.945 761386
466.095 759538
466.245 757692
466.395 755845
466.545 756976
466.695 758106
466.845 759234
466.995 760362
467.145 761489
467.295 762616
467.445 763740
467.595 764865
467.745 765990
467.895 767115
468.045 768238
468.195 769361
468.345 770480
468.495 771600
468.645 772720
468.795 773841
468.945 774959
469.095 776076
469.245 777194
469.395 778312
469.545 780448
469.695 782584
469.845 784716
469.995 786847
470.145 788980
470.295 791112
470.445 793240
470.595 795368
470.745 797493
470.895 799618
471.045 801740
471.195 803862
471.345 805982
471.495 808103
471.645 810221
471.795 812339
471.945 814453
472.095 816568
472.245 818677
472.395 820787
472.545 821366
472.695 821946
472.845 822525
472.995 823105
473.145 823683
473.295 824262
473.445 824838
473.595 825415
473.745 825990
473.895 826566
474.045 827141
474.195 827715
474.345 828291
474.495 828867
474.645 829442
474.795 830017
474.945 830589
475.095 831162
475.245 831734
475.395 832306
475.545 832646
475.695 832985
475.845 833327
475.995 833668
476.145 834007
476.295 834346
476.445 834687
476.595 835027
476.745 835365
476.895 835704
477.045 836045
477.195 836385
477.345 836723
477.495 837061
477.645 837399
477.795 837736
477.945 838073
478.095 838410
478.245 838749
478.395 839088
478.545 838662
478.695 838237
478.845 837813
478.995 837390
479.145 836966
479.295 836543
479.445 836121
479.595 835699
479.745 835277
479.895 834854
480.045 834433
480.195 834012
480.345 833590
480.495 833168
480.645 832747
480.795 832326
480.945 831907
481.095 831488
481.245 831068
481.395 830648
481.545 830792
481.695 830935
481.845 831082
481.995 831230
482.145 831374
482.295 831518
482.445 831664
482.595 831810
482.745 831954
482.895 832098
483.045 832241
483.195 832384
483.345 832529
483.495 832673
483.645 832818
483.795 832963
483.945 833107
484.095 833252
484.245 833394
484.395 833536
484.545 831413
484.695 829289
484.845 827170
484.995 825050
485.145 822932
485.295 820815
485.445 818700
485.595 816584
485.745 814473
485.895 812361
486.045 810251
486.195 808141
486.345 806034
486.495 803927
486.645 801822
486.795 799717
486.945 797615
487.095 795513
487.245 793414
487.395 791315
487.545 793536
487.695 795757
487.845 797973
487.995 800190
488.145 802404
488.295 804617
488.445 806830
488.595 809043
488.745 811252
488.895 813461
489.045 815668
489.195 817875
489.345 820077
489.495 822279
489.645 824480
489.795 826680
489.945 828879
490.095 831078
490.245 833273
490.395 835469
490.545 835151
490.695 834834
490.845 834516
490.995 834198
491.145 833880
491.295 833562
491.445 833246
491.595 832930
491.745 832613
491.895 832295
492.045 831979
492.195 831663
492.345 831348
492.495 831032
492.645 830716
492.795 830399
492.945 830083
493.095 829767
493.245 829454
493.395 829140
493.545 826551
493.695 823961
493.845 821378
493.995 818794
494.145 816211
494.295 813629
494.445 811051
494.595 808472
494.745 805895
494.895 803318
495.045 800745
495.195 798171
495.345 795603
495.495 793036
495.645 790467
495.795 787898
495.945 785334
496.095 782771
496.245 780212
496.395 777653
496.545 780774
496.695 783894
496.845 787010
496.995 790126
497.145 793237
497.295 796349
497.445 799458
497.595 802567
497.745 805672
497.895 808777
498.045 811877
498.195 814977
498.345 818076
498.495 821175
498.645 824269
498.795 827363
498.945 830452
499.095 833540
499.245 836628
499.395 839715
499.545 837119
499.695 834523
499.845 831930
499.995 829337
500.145 826749
500.295 824161
500.445 821574
500.595 818987
500.745 816406
500.895 813824
501.045 811243
501.195 808662
501.345 806084
501.495 803507
501.645 805183
501.795 806860
501.945 808533
502.095 810207
502.245 811876
502.395 813545
502.545 815216
502.695 816887
502.845 818553
502.995 820219
503.145 821367
503.295 822515
503.445 823659
503.595 824803
503.745 825946
503.895 827090
504.045 828232
504.195 829374
504.345 830514
504.495 831653
504.645 832793
504.795 833933
504.945 835073
505.095 836212
505.245 837347
505.395 838482
505.545 836030
505.695 833578
505.845 831128
505.995 828678
506.145 826231
506.295 823783
506.445 821339
506.595 818895
506.745 816452
506.895 814009
507.045 811571
507.195 809133
507.345 806698
507.495 804263
507.645 801829
507.795 799395
507.945 796964
508.095 794533
508.245 792106
508.395 789679
508.545 787837
508.695 785996
508.845 784156
508.995 782316
509.145 780478
509.295 778640
509.445 776805
509.595 774970
509.745 773137
509.895 771303
510.045 769473
510.195 767644
510.345 765814
510.495 763984
510.645 762156
510.795 760328
510.945 758505
511.095 756682
511.245 754860
511.395 753037
511.545 750614
511.695 748191
511.845 745771
511.995 743351
512.145 740934
512.295 738516
512.445 736102
512.595 733689
512.745 731278
512.895 728866
513.045 726459
513.195 724053
513.345 721646
513.495 719239
513.645 716835
513.795 714432
513.945 712033
514.095 709634
514.245 707237
514.395 704840
514.545 704463
514.695 704086
514.845 703709
514.995 703332
515.145 702955
515.295 702578
515.445 702202
515.595 701826
515.745 701451
515.895 701075
516.045 700701
516.195 700326
516.345 699951
516.495 699576
516.645 699203
516.795 698830
516.945 698456
517.095 698081
517.245 697707
517.395 697333
517.545 699306
517.695 701278
517.845 703248
517.995 705218
518.145 707185
518.295 709153
518.445 711119
518.595 713085
518.745 715046
518.895 717007
519.045 718969
519.195 720930
519.345 722888
519.495 724847
519.645 726802
519.795 728758
519.945 730711
520.095 732665
520.245 734616
520.395 736568
520.545 734925
520.695 733281
520.845 731639
520.995 729996
521.145 728356
521.295 726715
521.445 725076
521.595 723438
521.745 721802
521.895 720166
522.045 718531
522.195 716895
522.345 715263
522.495 713630
522.645 712000
522.795 710370
522.945 708741
523.095 707113
523.245 705485
523.395 703857
523.545 705436
523.695 707015
523.845 708592
523.995 710170
524.145 711746
524.295 713322
524.445 714896
524.595 716469
524.745 718040
524.895 719612
525.045 721181
525.195 722750
525.345 724319
525.495 725888
525.645 727455
525.795 729022
525.945 730586
526.095 732150
526.245 733714
526.395 735277
526.545 732740
526.695 730203
526.845 727671
526.995 725139
527.145 722607
527.295 720075
527.445 717548
527.595 715020
527.745 712496
527.895 709971
528.045 707448
528.195 704926
528.345 702407
528.495 699889
528.645 697373
528.795 694857
528.945 692343
529.095 689829
529.245 687318
529.395 684808
529.545 684636
529.695 684464
529.845 684292
529.995 684120
530.145 683948
530.295 683776
530.445 683606
530.595 683436
530.745 683264
530.895 683092
531.045 682920
531.195 682748
531.345 682577
531.495 682406
531.645 682236
531.795 682067
531.945 681894
532.095 681722
532.245 681552
532.395 681382
532.545 681932
532.695 682483
532.845 683030
532.995 683577
533.145 684125
533.295 684673
533.445 685221
533.595 685768
533.745 686315
533.895 686861
534.045 687406
534.195 687952
534.345 688497
534.495 689042
534.645 689588
534.795 690135
534.945 690678
535.095 691221
535.245 691765
535.395 692309
535.545 693736
535.695 695164
535.845 696590
535.995 698017
536.145 699441
536.295 700866
536.445 702289
536.595 703712
536.745 705134
536.895 706556
537.045 707976
537.195 709396
537.345 710814
537.495 712232
537.645 713648
537.795 715065
537.945 716480
538.095 717896
538.245 719311
538.395 720725
538.545 720754
538.695 720783
538.845 720814
538.995 720845
539.145 720874
539.295 720903
539.445 720932
539.595 720962
539.745 720992
539.895 721022
540.045 721052
540.195 721083
540.345 721112
540.495 721140
540.645 721170
540.795 721200
540.945 721231
541.095 721262
541.245 721291
541.395 721319
541.545 717456
541.695 713592
541.845 709732
541.995 705871
542.145 702017
542.295 698163
542.445 694312
542.595 690461
542.745 686613
542.895 682766
543.045 678923
543.195 675080
543.345 671242
543.495 667404
543.645 663569
543.795 659734
543.945 655904
544.095 652075
544.245 648248
544.395 644422
544.545 645854
544.695 647286
544.845 648716
544.995 650146
545.145 651575
545.295 653005
545.445 654431
545.595 655857
545.745 657281
545.895 658706
546.045 660132
546.195 661557
546.345 662978
546.495 664400
546.645 665819
546.795 667239
546.945 668658
547.095 670078
547.245 671495
547.395 672912
547.545 671211
547.695 669510
547.845 667811
547.995 666112
548.145 664415
548.295 662718
548.445 661023
548.595 659329
548.745 657634
548.895 655940
549.045 654250
549.195 652559
549.345 650868
549.495 649177
549.645 647490
549.795 645802
549.945 644117
550.095 642431
550.245 640746
550.395 639061
550.545 636448
550.695 633835
550.845 631224
550.995 628614
551.145 626006
551.295 623398
551.445 620795
551.595 618191
551.745 615588
551.895 612985
552.045 610386
552.195 607787
552.345 605193
552.495 602598
552.645 600004
552.795 597410
552.945 594820
553.095 592231
553.245 589642
553.395 587054
553.545 585976
553.695 584899
553.845 583820
553.995 582742
554.145 581665
554.295 580588
554.445 579514
554.595 578439
554.745 577365
554.895 576291
555.045 575219
555.195 574147
555.345 573075
555.495 572003
555.645 570933
555.795 569863
555.945 568794
556.095 567724
556.245 566656
556.395 565589
556.545 566313
556.695 567037
556.845 567758
556.995 568480
557.145 569203
557.295 569926
557.445 570647
557.595 571368
557.745 572090
557.895 572811
558.045 573531
558.195 574251
558.345 574971
558.495 575691
558.645 576409
558.795 577127
558.945 577845
559.095 578562
559.245 579279
559.395 579995
559.545 582826
559.695 585657
559.845 588483
559.995 591309
560.145 594133
560.295 596957
560.445 599777
560.595 602597
560.745 605413
560.895 608229
561.045 611045
561.195 613860
561.345 616671
561.495 619482
561.645 622291
561.795 625100
561.945 627906
562.095 630711
562.245 633514
562.395 636317
562.545 632870
562.695 629423
562.845 625979
562.995 622535
563.145 619096
563.295 615658
563.445 612222
563.595 608787
563.745 605355
563.895 601924
564.045 598496
564.195 595069
564.345 591644
564.495 588219
564.645 584798
564.795 581378
564.945 577960
565.095 574543
565.245 571129
565.395 567716
565.545 565744
565.695 563771
565.845 561802
565.995 559832
566.145 557864
566.295 555896
566.445 553931
566.595 551965
566.745 550002
566.895 548038
567.045 546077
567.195 544116
567.345 542157
567.495 540197
567.645 538241
567.795 536285
567.945 534329
568.095 532374
568.245 530420
568.395 528466
568.545 531039
568.695 533612
568.845 536182
568.995 538751
569.145 541319
569.295 543886
569.445 546451
569.595 549015
569.745 551576
569.895 554136
570.045 556696
570.195 559255
570.345 561812
570.495 564369
570.645 566922
570.795 569475
570.945 572026
571.095 574578
571.245 577126
571.395 579674
571.545 577554
571.695 575434
571.845 573316
571.995 571198
572.145 569083
572.295 566968
572.445 564855
572.595 562742
572.745 560631
572.895 558520
573.045 556411
573.195 554302
573.345 552195
573.495 550088
573.645 547983
573.795 545879
573.945 543777
574.095 541675
574.245 539574
574.395 537474
574.545 536677
574.695 535880
574.845 535085
574.995 534290
575.145 533493
575.295 532697
575.445 531902
575.595 531108
575.745 530314
575.895 529521
576.045 528729
576.195 527937
576.345 527144
576.495 526352
576.645 525560
576.795 524769
576.945 523978
577.095 523188
577.245 522399
577.395 521610
577.545 522983
577.695 524356
577.845 525728
577.995 527101
578.145 528471
578.295 529842
578.445 531212
578.595 532581
578.745 533949
578.895 535316
579.045 536683
579.195 538049
579.345 539414
579.495 540779
579.645 542143
579.795 543507
579.945 544869
580.095 546231
580.245 547591
580.395 548952
580.545 549422
580.695 549891
580.845 550361
580.995 550830
581.145 551298
581.295 551766
581.445 552233
581.595 552700
581.745 553169
581.895 553638
582.045 554104
582.195 554570
582.345 555036
582.495 555503
582.645 555970
582.795 556436
582.945 556902
583.095 557367
583.245 557833
583.395 558298
583.545 555936
583.695 553573
583.845 551214
583.995 548854
584.145 546498
584.295 544143
584.445 541787
584.595 539431
584.745 537080
584.895 534728
585.045 532378
585.195 530029
585.345 527681
585.495 525334
585.645 522990
585.795 520645
585.945 518304
586.095 515962
586.245 513621
586.395 511280
586.545 513236
586.695 515192
586.845 517145
586.995 519098
587.145 521049
587.295 523000
587.445 524950
587.595 526900
587.745 528847
587.895 530794
588.045 532739
588.195 534684
588.345 536627
588.495 538570
588.645 540511
588.795 542453
588.945 544392
589.095 546332
589.245 548270
589.395 550208
589.545 552142
589.695 554077
589.845 556011
589.995 557945
590.145 559042
590.295 560139
590.445 561234
590.595 562329
590.745 563424
590.895 564520
591.045 565614
591.195 566707
591.345 567800
591.495 568893
591.645 569984
591.795 571075
591.945 572166
592.095 573256
592.245 574345
592.395 575434
592.545 576523
592.695 577611
592.845 574995
592.995 572379
593.145 569763
593.295 567147
593.445 564536
593.595 561925
593.745 559316
593.895 556707
594.045 554100
594.195 551494
594.345 548890
594.495 546286
594.645 543685
594.795 541083
594.945 538485
595.095 535887
595.245 535222
595.395 534556
595.545 533892
595.695 533227
595.845 532562
595.995 531898
596.145 531234
596.295 530570
596.445 529907
596.595 529244
596.745 528581
596.895 527918
597.045 527255
597.195 526593
597.345 525932
597.495 525271
597.645 524611
597.795 523950
597.945 523290
598.095 522630
598.245 521972
598.395 521313
598.545 522230
598.695 523147
598.845 524062
598.995 524976
599.145 525891
599.295 526806
599.445 527721
599.595 528635
599.745 529548
599.895 530460
600.045 531373
600.195 532286
600.345 533197
600.495 534109
600.645 535018
600.795 535928
600.945 536837
601.095 537746
601.245 538655
601.395 539563
601.545 538628
601.695 537693
601.845 536761
601.995 535828
602.145 534895
602.295 533962
602.445 533030
602.595 532099
602.745 531168
602.895 530238
603.045 529307
603.195 528377
603.345 527449
603.495 526521
603.645 525592
603.795 524664
603.945 523737
604.095 522810
604.245 521884
604.395 520959
604.545 522497
604.695 524035
604.845 525572
604.995 527110
605.145 528645
605.295 530181
605.445 531716
605.595 533250
605.745 534782
605.895 536314
606.045 537846
606.195 539379
606.345 540908
606.495 542437
606.645 543965
606.795 545492
606.945 547019
607.095 548545
607.245 550070
607.395 551596
607.545 549212
607.695 546828
607.845 544446
607.995 542065
608.145 539683
608.295 537301
608.445 534924
608.595 532547
608.745 530172
608.895 527798
609.045 525425
609.195 523052
609.345 520680
609.495 518309
609.645 515940
609.795 513572
609.945 511207
610.095 508841
610.245 506478
610.395 504115
610.545 504640
610.695 505164
610.845 505688
610.995 506212
611.145 506736
611.295 507260
611.445 507783
611.595 508306
611.745 508829