lam(nm) Flux (10^-20 J/s/m2/um)
304.395 1.07953e+06
304.545 1.03655e+06
304.695 993560
304.845 950651
304.995 907742
305.145 864921
305.295 822100
305.445 779362
305.595 736624
305.745 693971
305.895 651319
306.045 608748
306.195 566177
306.345 523691
306.495 481206
306.645 438804
306.795 396402
306.945 354078
307.095 311755
307.245 269517
307.395 227279
307.545 247998
307.695 268716
307.845 289395
307.995 310073
308.145 330711
308.295 351350
308.445 371947
308.595 392544
308.745 413102
308.895 433660
309.045 454178
309.195 474696
309.345 495174
309.495 515653
309.645 536091
309.795 556530
309.945 576928
310.095 597327
310.245 617688
310.395 638049
310.545 679376
310.695 720703
310.845 761951
310.995 803200
311.145 844370
311.295 885539
311.445 926626
311.595 967713
311.745 1.00872e+06
311.895 1.04973e+06
312.045 1.09067e+06
312.195 1.1316e+06
312.345 1.17245e+06
312.495 1.2133e+06
312.645 1.25407e+06
312.795 1.29485e+06
312.945 1.33554e+06
313.095 1.37624e+06
313.245 1.41686e+06
313.395 1.45748e+06
313.545 1.45569e+06
313.695 1.4539e+06
313.845 1.45211e+06
313.995 1.45031e+06
314.145 1.44853e+06
314.295 1.44674e+06
314.445 1.44496e+06
314.595 1.44318e+06
314.745 1.4414e+06
314.895 1.43962e+06
315.045 1.43784e+06
315.195 1.43607e+06
315.345 1.43429e+06
315.495 1.43252e+06
315.645 1.43075e+06
315.795 1.42898e+06
315.945 1.42721e+06
316.095 1.42545e+06
316.245 1.42368e+06
316.395 1.42192e+06
316.545 1.40542e+06
316.695 1.38892e+06
316.845 1.37245e+06
316.995 1.35598e+06
317.145 1.33954e+06
317.295 1.3231e+06
317.445 1.30669e+06
317.595 1.29028e+06
317.745 1.2739e+06
317.895 1.25752e+06
318.045 1.24118e+06
318.195 1.22483e+06
318.345 1.20851e+06
318.495 1.1922e+06
318.645 1.17591e+06
318.795 1.15963e+06
318.945 1.14337e+06
319.095 1.12712e+06
319.245 1.1109e+06
319.395 1.09467e+06
319.545 1.10649e+06
319.695 1.11831e+06
319.845 1.1301e+06
319.995 1.14189e+06
320.145 1.15366e+06
320.295 1.16543e+06
320.445 1.17718e+06
320.595 1.18893e+06
320.745 1.20066e+06
320.895 1.21239e+06
321.045 1.22409e+06
321.195 1.2358e+06
321.345 1.24748e+06
321.495 1.25917e+06
321.645 1.27083e+06
321.795 1.28249e+06
321.945 1.29413e+06
322.095 1.30577e+06
322.245 1.31739e+06
322.395 1.32901e+06
322.545 1.31117e+06
322.695 1.29334e+06
322.845 1.27554e+06
322.995 1.25773e+06
323.145 1.23996e+06
323.295 1.2222e+06
323.445 1.20446e+06
323.595 1.18672e+06
323.745 1.16902e+06
323.895 1.15131e+06
324.045 1.13364e+06
324.195 1.11597e+06
324.345 1.09833e+06
324.495 1.08069e+06
324.645 1.06309e+06
324.795 1.04548e+06
324.945 1.02791e+06
325.095 1.01034e+06
325.245 992794
325.395 975253
325.545 994343
325.695 1.01343e+06
325.845 1.03249e+06
325.995 1.05155e+06
326.145 1.07057e+06
326.295 1.08958e+06
326.445 1.10857e+06
326.595 1.12755e+06
326.745 1.1465e+06
326.895 1.16545e+06
327.045 1.18437e+06
327.195 1.20328e+06
327.345 1.22216e+06
327.495 1.24104e+06
327.645 1.25989e+06
327.795 1.27874e+06
327.945 1.29755e+06
328.095 1.31636e+06
328.245 1.33514e+06
328.395 1.35391e+06
328.545 1.34681e+06
328.695 1.33971e+06
328.845 1.33262e+06
328.995 1.32553e+06
329.145 1.31846e+06
329.295 1.31139e+06
329.445 1.30432e+06
329.595 1.29726e+06
329.745 1.29021e+06
329.895 1.28316e+06
330.045 1.27612e+06
330.195 1.26909e+06
330.345 1.26206e+06
330.495 1.25503e+06
330.645 1.24802e+06
330.795 1.24101e+06
330.945 1.23401e+06
331.095 1.22701e+06
331.245 1.22003e+06
331.395 1.21304e+06
331.545 1.20792e+06
331.695 1.2028e+06
331.845 1.19769e+06
331.995 1.19257e+06
332.145 1.18747e+06
332.295 1.18236e+06
332.445 1.17727e+06
332.595 1.17217e+06
332.745 1.16709e+06
332.895 1.162e+06
333.045 1.15692e+06
333.195 1.15185e+06
333.345 1.14678e+06
333.495 1.14171e+06
333.645 1.13665e+06
333.795 1.1316e+06
333.945 1.12655e+06
334.095 1.1215e+06
334.245 1.11646e+06
334.395 1.11142e+06
334.545 1.10649e+06
334.695 1.10157e+06
334.845 1.09665e+06
334.995 1.09174e+06
335.145 1.08683e+06
335.295 1.08193e+06
335.445 1.07703e+06
335.595 1.07213e+06
335.745 1.06725e+06
335.895 1.06236e+06
336.045 1.05748e+06
336.195 1.0526e+06
336.345 1.04773e+06
336.495 1.04286e+06
336.645 1.038e+06
336.795 1.03314e+06
336.945 1.02828e+06
337.095 1.02343e+06
337.245 1.01858e+06
337.395 1.01374e+06
337.545 1.02821e+06
337.695 1.04269e+06
337.845 1.05714e+06
337.995 1.07159e+06
338.145 1.08601e+06
338.295 1.10043e+06
338.445 1.11483e+06
338.595 1.12923e+06
338.745 1.14361e+06
338.895 1.15798e+06
339.045 1.17233e+06
339.195 1.18668e+06
339.345 1.201e+06
339.495 1.21532e+06
339.645 1.22962e+06
339.795 1.24392e+06
339.945 1.25819e+06
340.095 1.27246e+06
340.245 1.28671e+06
340.395 1.30096e+06
340.545 1.29293e+06
340.695 1.2849e+06
340.845 1.27689e+06
340.995 1.26888e+06
341.145 1.26088e+06
341.295 1.25288e+06
341.445 1.2449e+06
341.595 1.23692e+06
341.745 1.22895e+06
341.895 1.22098e+06
342.045 1.21303e+06
342.195 1.20507e+06
342.345 1.19713e+06
342.495 1.18919e+06
342.645 1.18127e+06
342.795 1.17334e+06
342.945 1.16542e+06
343.095 1.15751e+06
343.245 1.14961e+06
343.395 1.14171e+06
343.545 1.14527e+06
343.695 1.14882e+06
343.845 1.15237e+06
343.995 1.15592e+06
344.145 1.15946e+06
344.295 1.16301e+06
344.445 1.16654e+06
344.595 1.17008e+06
344.745 1.17361e+06
344.895 1.17714e+06
345.045 1.18066e+06
345.195 1.18419e+06
345.345 1.18771e+06
345.495 1.19122e+06
345.645 1.19473e+06
345.795 1.19825e+06
345.945 1.20175e+06
346.095 1.20526e+06
346.245 1.20876e+06
346.395 1.21226e+06
346.545 1.21484e+06
346.695 1.21743e+06
346.845 1.22002e+06
346.995 1.2226e+06
347.145 1.22518e+06
347.295 1.22776e+06
347.445 1.23034e+06
347.595 1.23291e+06
347.745 1.23548e+06
347.895 1.23805e+06
348.045 1.24062e+06
348.195 1.24318e+06
348.345 1.24575e+06
348.495 1.24831e+06
348.645 1.25087e+06
348.795 1.25342e+06
348.945 1.25597e+06
349.095 1.25853e+06
349.245 1.26108e+06
349.395 1.26363e+06
349.545 1.24524e+06
349.695 1.22686e+06
349.845 1.20851e+06
349.995 1.19015e+06
350.145 1.17183e+06
350.295 1.15352e+06
350.445 1.13522e+06
350.595 1.11693e+06
350.745 1.09868e+06
350.895 1.08042e+06
351.045 1.06219e+06
351.195 1.04397e+06
351.345 1.02577e+06
351.495 1.00757e+06
351.645 989407
351.795 971242
351.945 953107
352.095 934973
352.245 916870
352.395 898767
352.545 917763
352.695 936760
352.845 955727
352.995 974694
353.145 993626
353.295 1.01256e+06
353.445 1.03146e+06
353.595 1.05036e+06
353.745 1.06923e+06
353.895 1.0881e+06
354.045 1.10694e+06
354.195 1.12578e+06
354.345 1.14458e+06
354.495 1.16339e+06
354.645 1.18216e+06
354.795 1.20093e+06
354.945 1.21968e+06
355.095 1.23842e+06
355.245 1.25713e+06
355.395 1.27584e+06
355.545 1.25475e+06
355.695 1.23367e+06
355.845 1.21262e+06
355.995 1.19156e+06
356.145 1.17055e+06
356.295 1.14953e+06
356.445 1.12855e+06
356.595 1.10758e+06
356.745 1.08663e+06
356.895 1.06569e+06
357.045 1.04478e+06
357.195 1.02386e+06
357.345 1.00299e+06
357.495 982116
357.645 961276
357.795 940435
357.945 919631
358.095 898826
358.245 878058
358.395 857289
358.545 841881
358.695 826473
358.845 811093
358.995 795712
359.145 780358
359.295 765003
359.445 749672
359.595 734341
359.745 719037
359.895 703732
360.045 688453
360.195 673175
360.345 657923
360.495 642671
360.645 627442
360.795 612214
360.945 597012
361.095 581809
361.245 566632
361.395 551455
361.545 535628
361.695 519801
361.845 503999
361.995 488197
362.145 472422
362.295 456647
362.445 440899
362.595 425150
362.745 409427
362.895 393704
363.045 378006
363.195 362309
363.345 346638
363.495 330967
363.645 315322
363.795 299677
363.945 284058
364.095 268438
364.245 252845
364.395 237251
364.545 265414
364.695 293578
364.845 321695
364.995 349813
365.145 377884
365.295 405956
365.445 433981
365.595 462006
365.745 489985
365.895 517964
366.045 545898
366.195 573831
366.345 601719
366.495 629606
366.645 657447
366.795 685287
366.945 713085
367.095 740883
367.245 768635
367.395 796387
367.545 818629
367.695 840872
367.845 863079
367.995 885286
368.145 907457
368.295 929627
368.445 951763
368.595 973898
368.745 995997
368.895 1.0181e+06
369.045 1.04016e+06
369.195 1.06222e+06
369.345 1.08425e+06
369.495 1.10628e+06
369.645 1.12827e+06
369.795 1.15026e+06
369.945 1.17222e+06
370.095 1.19417e+06
370.245 1.21609e+06
370.395 1.23802e+06
370.545 1.24108e+06
370.695 1.24415e+06
370.845 1.24722e+06
370.995 1.25028e+06
371.145 1.25334e+06
371.295 1.2564e+06
371.445 1.25945e+06
371.595 1.26251e+06
371.745 1.26556e+06
371.895 1.2686e+06
372.045 1.27165e+06
372.195 1.27469e+06
372.345 1.27773e+06
372.495 1.28077e+06
372.645 1.28381e+06
372.795 1.28684e+06
372.945 1.28987e+06
373.095 1.2929e+06
373.245 1.29592e+06
373.395 1.29895e+06
373.545 1.29469e+06
373.695 1.29044e+06
373.845 1.28619e+06
373.995 1.28194e+06
374.145 1.2777e+06
374.295 1.27345e+06
374.445 1.26922e+06
374.595 1.26499e+06
374.745 1.26076e+06
374.895 1.25652e+06
375.045 1.2523e+06
375.195 1.24808e+06
375.345 1.24387e+06
375.495 1.23965e+06
375.645 1.23544e+06
375.795 1.23123e+06
375.945 1.22703e+06
376.095 1.22283e+06
376.245 1.21863e+06
376.395 1.21444e+06
376.545 1.20509e+06
376.695 1.19574e+06
376.845 1.18641e+06
376.995 1.17708e+06
377.145 1.16776e+06
377.295 1.15844e+06
377.445 1.14914e+06
377.595 1.13984e+06
377.745 1.13055e+06
377.895 1.12126e+06
378.045 1.11199e+06
378.195 1.10272e+06
378.345 1.09346e+06
378.495 1.0842e+06
378.645 1.07495e+06
378.795 1.06571e+06
378.945 1.05648e+06
379.095 1.04725e+06
379.245 1.03804e+06
379.395 1.02882e+06
379.545 1.03987e+06
379.695 1.05092e+06
379.845 1.06195e+06
379.995 1.07298e+06
380.145 1.08399e+06
380.295 1.095e+06
380.445 1.10599e+06
380.595 1.11699e+06
380.745 1.12796e+06
380.895 1.13894e+06
381.045 1.1499e+06
381.195 1.16086e+06
381.345 1.1718e+06
381.495 1.18274e+06
381.645 1.19367e+06
381.795 1.2046e+06
381.945 1.21551e+06
382.095 1.22642e+06
382.245 1.23731e+06
382.395 1.24819e+06
382.545 1.24878e+06
382.695 1.24937e+06
382.845 1.24996e+06
382.995 1.25055e+06
383.145 1.25114e+06
383.295 1.25173e+06
383.445 1.25231e+06
383.595 1.25289e+06
383.745 1.25348e+06
383.895 1.25406e+06
384.045 1.25465e+06
384.195 1.25523e+06
384.345 1.25581e+06
384.495 1.2564e+06
384.645 1.25698e+06
384.795 1.25756e+06
384.945 1.25814e+06
385.095 1.25872e+06
385.245 1.2593e+06
385.395 1.25988e+06
385.545 1.24397e+06
385.695 1.22806e+06
385.845 1.21217e+06
385.995 1.19629e+06
386.145 1.18042e+06
386.295 1.16456e+06
386.445 1.14872e+06
386.595 1.13287e+06
386.745 1.11706e+06
386.895 1.10125e+06
387.045 1.08546e+06
387.195 1.06966e+06
387.345 1.0539e+06
387.495 1.03813e+06
387.645 1.02239e+06
387.795 1.00665e+06
387.945 990934
388.095 975217
388.245 959524
388.395 943831
388.545 945458
388.695 947086
388.845 948708
388.995 950331
389.145 951951
389.295 953572
389.445 955190
389.595 956808
389.745 958423
389.895 960038
390.045 961652
390.195 963266
390.345 964875
390.495 966484
390.645 968094
390.795 969703
390.945 971308
391.095 972913
391.245 974519
391.395 976124
391.545 987191
391.695 998257
391.845 1.00931e+06
391.995 1.02036e+06
392.145 1.0314e+06
392.295 1.04243e+06
392.445 1.05345e+06
392.595 1.06446e+06
392.745 1.07547e+06
392.895 1.08647e+06
393.045 1.09745e+06
393.195 1.10844e+06
393.345 1.1194e+06
393.495 1.13037e+06
393.645 1.14132e+06
393.795 1.15228e+06
393.945 1.16321e+06
394.095 1.17414e+06
394.245 1.18506e+06
394.395 1.19598e+06
394.545 1.19108e+06
394.695 1.18619e+06
394.845 1.1813e+06
394.995 1.17642e+06
395.145 1.17154e+06
395.295 1.16666e+06
395.445 1.16179e+06
395.595 1.15691e+06
395.745 1.15205e+06
395.895 1.14718e+06
396.045 1.14233e+06
396.195 1.13748e+06
396.345 1.13262e+06
396.495 1.12777e+06
396.645 1.12293e+06
396.795 1.11809e+06
396.945 1.11325e+06
397.095 1.10842e+06
397.245 1.10359e+06
397.395 1.09876e+06
397.545 1.09101e+06
397.695 1.08325e+06
397.845 1.07551e+06
397.995 1.06777e+06
398.145 1.06004e+06
398.295 1.05231e+06
398.445 1.04459e+06
398.595 1.03687e+06
398.745 1.02917e+06
398.895 1.02146e+06
399.045 1.01376e+06
399.195 1.00607e+06
399.345 998383
399.495 990697
399.645 983026
399.795 975355
399.945 967694
400.095 960034
400.245 952386
400.395 944738
400.545 954098
400.695 963459
400.845 972807
400.995 982155
401.145 991492
401.295 1.00083e+06
401.445 1.01015e+06
401.595 1.01947e+06
401.745 1.02877e+06
401.895 1.03808e+06
402.045 1.04737e+06
402.195 1.05667e+06
402.345 1.06594e+06
402.495 1.07522e+06
402.645 1.08449e+06
402.795 1.09375e+06
402.945 1.10301e+06
403.095 1.11226e+06
403.245 1.12149e+06
403.395 1.13073e+06
403.545 1.12843e+06
403.695 1.12613e+06
403.845 1.12383e+06
403.995 1.12154e+06
404.145 1.11925e+06
404.295 1.11695e+06
404.445 1.11466e+06
404.595 1.11237e+06
404.745 1.11008e+06
404.895 1.1078e+06
405.045 1.10551e+06
405.195 1.10323e+06
405.345 1.10095e+06
405.495 1.09867e+06
405.645 1.0964e+06
405.795 1.09412e+06
405.945 1.09185e+06
406.095 1.08957e+06
406.245 1.0873e+06
406.395 1.08503e+06
406.545 1.07867e+06
406.695 1.0723e+06
406.845 1.06594e+06
406.995 1.05959e+06
407.145 1.05324e+06
407.295 1.04689e+06
407.445 1.04055e+06
407.595 1.03422e+06
407.745 1.02789e+06
407.895 1.02156e+06
408.045 1.01524e+06
408.195 1.00892e+06
408.345 1.00261e+06
408.495 996303
408.645 990003
408.795 983702
408.945 977410
409.095 971117
409.245 964834
409.395 958551
409.545 959716
409.695 960881
409.845 962046
409.995 963211
410.145 964375
410.295 965540
410.445 966698
410.595 967856
410.745 969016
410.895 970175
411.045 971332
411.195 972490
411.345 973646
411.495 974802
411.645 975956
411.795 977110
411.945 978260
412.095 979411
412.245 980563
412.395 981716
412.545 982551
412.695 983386
412.845 984221
412.995 985056
413.145 985889
413.295 986722
413.445 987558
413.595 988393
413.745 989224
413.895 990055
414.045 990887
414.195 991718
414.345 992546
414.495 993373
414.645 994203
414.795 995032
414.945 995859
415.095 996687
415.245 997510
415.395 998334
415.545 991616
415.695 984899
415.845 978188
415.995 971478
416.145 964777
416.295 958075
416.445 951384
416.595 944694
416.745 938012
416.895 931329
417.045 924658
417.195 917987
417.345 911325
417.495 904662
417.645 898011
417.795 891360
417.945 884717
418.095 878075
418.245 871441
418.395 864806
418.545 867020
418.695 869233
418.845 871446
418.995 873659
419.145 875868
419.295 878078
419.445 880282
419.595 882486
419.745 884689
419.895 886891
420.045 889092
420.195 891293
420.345 893489
420.495 895685
420.645 897875
420.795 900066
420.945 902258
421.095 904450
421.245 906636
421.395 908823
421.545 908313
421.695 907803
421.845 907296
421.995 906789
422.145 906280
422.295 905771
422.445 905264
422.595 904757
422.745 904251
422.895 903745
423.045 903239
423.195 902732
423.345 902230
423.495 901728
423.645 901222
423.795 900716
423.945 900212
424.095 899709
424.245 899206
424.395 898702
424.545 899391
424.695 900080
424.845 900766
424.995 901452
425.145 902138
425.295 902824
425.445 903507
425.595 904190
425.745 904874
425.895 905558
426.045 906243
426.195 906927
426.345 907607
426.495 908288
426.645 908970
426.795 909651
426.945 910330
427.095 911009
427.245 911687
427.395 912366
427.545 912439
427.695 912513
427.845 912587
427.995 912661
428.145 912735
428.295 912810
428.445 912883
428.595 912957
428.745 913029
428.895 913102
429.045 913176
429.195 913250
429.345 913323
429.495 913396
429.645 913470
429.795 913544
429.945 913616
430.095 913687
430.245 913761
430.395 913835
430.545 916011
430.695 918187
430.845 920365
430.995 922542
431.145 924714
431.295 926886
431.445 929055
431.595 931224
431.745 933391
431.895 935557
432.045 937721
432.195 939884
432.345 942045
432.495 944205
432.645 943012
432.795 941820
432.945 940628
433.095 939437
433.245 938249
433.395 937061
433.545 935872
433.695 934684
433.845 933499
433.995 932313
434.145 930621
434.295 928930
434.445 927240
434.595 925551
434.745 923865
434.895 922180
435.045 920495
435.195 918811
435.345 917131
435.495 915451
435.645 913769
435.795 912088
435.945 910409
436.095 908731
436.245 907059
436.395 905387
436.545 901809
436.695 898231
436.845 894659
436.995 891088
437.145 887519
437.295 883950
437.445 880389
437.595 876827
437.745 873271
437.895 869714
438.045 866160
438.195 862607
438.345 859060
438.495 855513
438.645 851970
438.795 848426
438.945 844888
439.095 841351
439.245 837816
439.395 834282
439.545 834227
439.695 834173
439.845 834117
439.995 834061
440.145 834005
440.295 833949
440.445 833893
440.595 833838
440.745 833782
440.895 833727
441.045 833672
441.195 833617
441.345 833562
441.495 833507
441.645 833451
441.795 833394
441.945 833338
442.095 833282
442.245 833228
442.395 833173
442.545 832579
442.695 831986
442.845 831394
442.995 830803
443.145 830212
443.295 829622
443.445 829032
443.595 828441
443.745 827852
443.895 827263
444.045 826675
444.195 826086
444.345 825498
444.495 824911
444.645 824323
444.795 823736
444.945 823150
445.095 822564
445.245 821979
445.395 821394
445.545 821173
445.695 820952
445.845 820732
445.995 820512
446.145 820292
446.295 820072
446.445 819851
446.595 819630
446.745 819410
446.895 819191
447.045 818973
447.195 818755
447.345 818537
447.495 818318
447.645 818098
447.795 817879
447.945 817661
448.095 817442
448.245 817224
448.395 817006
448.545 813943
448.695 810880
448.845 807818
448.995 804755
449.145 801698
449.295 798641
449.445 795590
449.595 792538
449.745 789490
449.895 786441
450.045 783397
450.195 780353
450.345 777312
450.495 774272
450.645 771236
450.795 768201
450.945 765168
451.095 762134
451.245 759106
451.395 756078
451.545 749587
451.695 743097
451.845 736612
451.995 730128
452.145 723654
452.295 717181
452.445 710713
452.595 704246
452.745 697788
452.895 691330
453.045 684882
453.195 678434
453.345 671994
453.495 665554
453.645 669326
453.795 673098
453.945 676867
454.095 680635
454.245 684399
454.395 688163
454.545 691922
454.695 695681
454.845 699434
454.995 703186
455.145 703851
455.295 704515
455.445 705177
455.595 705839
455.745 706499
455.895 707160
456.045 707820
456.195 708480
456.345 709141
456.495 709801
456.645 710460
456.795 711118
456.945 711775
457.095 712432
457.245 713090
457.395 713748
457.545 709281
457.695 704814
457.845 700353
457.995 695893
458.145 691438
458.295 686984
458.445 682535
458.595 678087
458.745 673643
458.895 669200
459.045 664763
459.195 660326
459.345 655895
459.495 651464
459.645 647040
459.795 642616
459.945 638194
460.095 633773
460.245 629360
460.395 624947
460.545 626185
460.695 627423
460.845 628658
460.995 629893
461.145 631128
461.295 632363
461.445 633598
461.595 634833
461.745 636064
461.895 637295
462.045 638525
462.195 639756
462.345 640985
462.495 642214
462.645 643442
462.795 644670
462.945 645894
463.095 647119
463.245 648342
463.395 649566
463.545 648035
463.695 646504
463.845 644977
463.995 643449
464.145 641922
464.295 640396
464.445 638873
464.595 637350
464.745 635828
464.895 634306
465.045 632786
465.195 631267
465.345 629748
465.495 628230
465.645 626714
465.795 625198
465.945 623684
466.095 622170
466.245 620657
466.395 619145
466.545 620071
466.695 620997
466.845 621921
466.995 622845
467.145 623768
467.295 624691
467.445 625612
467.595 626533
467.745 627455
467.895 628377
468.045 629297
468.195 630216
468.345 631133
468.495 632050
468.645 632968
468.795 633886
468.945 634802
469.095 635717
469.245 636633
469.395 637548
469.545 639298
469.695 641048
469.845 642794
469.995 644540
470.145 646287
470.295 648033
470.445 649777
470.595 651520
470.745 653261
470.895 655001
471.045 656739
471.195 658477
471.345 660214
471.495 661951
471.645 663686
471.795 665421
471.945 667153
472.095 668886
472.245 670613
472.395 672341
472.545 672816
472.695 673291
472.845 673765
472.995 674240
473.145 674714
473.295 675188
473.445 675660
473.595 676132
473.745 676604
473.895 677075
474.045 677546
474.195 678016
474.345 678488
474.495 678960
474.645 679431
474.795 679902
474.945 680371
475.095 680840
475.245 681309
475.395 681777
475.545 682055
475.695 682334
475.845 682613
475.995 682893
476.145 683171
476.295 683449
476.445 683727
476.595 684006
476.745 684283
476.895 684561
477.045 684840
477.195 685118
477.345 685395
477.495 685672
477.645 685949
477.795 686225
477.945 686501
478.095 686777
478.245 687055
478.395 687332
478.545 686984
478.695 686635
478.845 686289
478.995 685942
479.145 685595
479.295 685248
479.445 684902
479.595 684557
479.745 684211
479.895 683864
480.045 683520
480.195 683175
480.345 682829
480.495 682483
480.645 682139
480.795 681794
480.945 681451
481.095 681107
481.245 680763
481.395 680419
481.545 680537
481.695 680654
481.845 680775
481.995 680896
482.145 681014
482.295 681131
482.445 681251
482.595 681371
482.745 681489
482.895 681607
483.045 681724
483.195 681841
483.345 681960
483.495 682078
483.645 682197
483.795 682315
483.945 682434
484.095 682552
484.245 682669
484.395 682785
484.545 681046
484.695 679306
484.845 677570
484.995 675834
485.145 674099
485.295 672364
485.445 670632
485.595 668899
485.745 667169
485.895 665439
486.045 663711
486.195 661982
486.345 660257
486.495 658531
486.645 656806
486.795 655082
486.945 653360
487.095 651639
487.245 649919
487.395 648200
487.545 650019
487.695 651838
487.845 653654
487.995 655470
488.145 657283
488.295 659096
488.445 660909
488.595 662721
488.745 664531
488.895 666340
489.045 668148
489.195 669956
489.345 671760
489.495 673564
489.645 675366
489.795 677169
489.945 678970
490.095 680772
490.245 682570
490.395 684368
490.545 684108
490.695 683848
490.845 683587
490.995 683327
491.145 683067
491.295 682806
491.445 682548
491.595 682289
491.745 682028
491.895 681768
492.045 681509
492.195 681251
492.345 680992
492.495 680734
492.645 680475
492.795 680215
492.945 679957
493.095 679698
493.245 679441
493.395 679184
493.545 677063
493.695 674942
493.845 672825
493.995 670709
494.145 668594
494.295 666478
494.445 664366
494.595 662254
494.745 660143
494.895 658032
495.045 655924
495.195 653816
495.345 651713
495.495 649609
495.645 647505
495.795 645401
495.945 643301
496.095 641201
496.245 639105
496.395 637009
496.545 639565
496.695 642121
496.845 644673
496.995 647225
497.145 649774
497.295 652323
497.445 654870
497.595 657417
497.745 659960
497.895 662503
498.045 665043
498.195 667582
498.345 670121
498.495 672659
498.645 675194
498.795 677728
498.945 680258
499.095 682788
499.245 685317
499.395 687846
499.545 685720
499.695 683593
499.845 681469
499.995 679345
500.145 677225
500.295 675105
500.445 672986
500.595 670867
500.745 668753
500.895 666638
501.045 664524
501.195 662409
501.345 660298
501.495 658187
501.645 659560
501.795 660933
501.945 662304
502.095 663675
502.245 665042
502.395 666409
502.545 667778
502.695 669147
502.845 670511
502.995 671876
503.145 672816
503.295 673757
503.445 674694
503.595 675631
503.745 676568
503.895 677504
504.045 678440
504.195 679376
504.345 680309
504.495 681242
504.645 682176
504.795 683110
504.945 684044
505.095 684977
505.245 685907
505.395 686836
505.545 684827
505.695 682819
505.845 680812
505.995 678805
506.145 676801
506.295 674796
506.445 672794
506.595 670792
506.745 668791
506.895 666790
507.045 664792
507.195 662795
507.345 660801
507.495 658806
507.645 656812
507.795 654818
507.945 652827
508.095 650836
508.245 648848
508.395 646859
508.545 645351
508.695 643843
508.845 642336
508.995 640829
509.145 639323
509.295 637817
509.445 636314
509.595 634811
509.745 633309
509.895 631807
510.045 630308
510.195 628809
510.345 627311
510.495 625812
510.645 624315
510.795 622817
510.945 621324
511.095 619831
511.245 618338
511.395 616845
511.545 614860
511.695 612875
511.845 610893
511.995 608911
512.145 606930
512.295 604950
512.445 602973
512.595 600996
512.745 599021
512.895 597046
513.045 595074
513.195 593102
513.345 591131
513.495 589159
513.645 587190
513.795 585222
513.945 583257
514.095 581291
514.245 579328
514.395 577365
514.545 577056
514.695 576747
514.845 576438
514.995 576129
515.145 575820
515.295 575511
515.445 575204
515.595 574896
515.745 574588
515.895 574280
516.045 573974
516.195 573667
516.345 573360
516.495 573052
516.645 572747
516.795 572441
516.945 572135
517.095 571828
517.245 571522
517.395 571215
517.545 572831
517.695 574447
517.845 576060
517.995 577674
518.145 579286
518.295 580897
518.445 582508
518.595 584119
518.745 585725
518.895 587331
519.045 588938
519.195 590544
519.345 592148
519.495 593753
519.645 595355
519.795 596957
519.945 598557
520.095 600157
520.245 601756
520.395 603354
520.545 602008
520.695 600662
520.845 599316
520.995 597971
521.145 596627
521.295 595283
521.445 593941
521.595 592598
521.745 591258
521.895 589919
522.045 588579
522.195 587239
522.345 585902
522.495 584565
522.645 583230
522.795 581894
522.945 580560
523.095 579226
523.245 577892
523.395 576559
523.545 577853
523.695 579146
523.845 580438
523.995 581730
524.145 583021
524.295 584313
524.445 585602
524.595 586891
524.745 588177
524.895 589464
525.045 590750
525.195 592035
525.345 593320
525.495 594605
525.645 595889
525.795 597173
525.945 598454
526.095 599735
526.245 601016
526.395 602297
526.545 600219
526.695 598140
526.845 596066
526.995 593992
527.145 591918
527.295 589844
527.445 587774
527.595 585704
527.745 583635
527.895 581567
528.045 579501
528.195 577435
528.345 575372
528.495 573309
528.645 571248
528.795 569187
528.945 567128
529.095 565068
529.245 563011
529.395 560955
529.545 560814
529.695 560673
529.845 560532
529.995 560392
530.145 560251
530.295 560110
530.445 559971
530.595 559832
530.745 559691
530.895 559550
531.045 559409
531.195 559268
531.345 559128
531.495 558987
531.645 558849
531.795 558710
531.945 558569
532.095 558428
532.245 558289
532.395 558149
532.545 558600
532.695 559051
532.845 559499
532.995 559947
533.145 560396
533.295 560845
533.445 561293
533.595 561742
533.745 562189
533.895 562637
534.045 563084
534.195 563531
534.345 563977
534.495 564424
534.645 564871
534.795 565319
534.945 565763
535.095 566208
535.245 566654
535.395 567100
535.545 568269
535.695 569438
535.845 570607
535.995 571775
536.145 572942
536.295 574109
536.445 575275
536.595 576441
536.745 577605
536.895 578770
537.045 579933
537.195 581096
537.345 582258
537.495 583419
537.645 584580
537.795 585740
537.945 586900
538.095 588059
538.245 589218
538.395 590377
538.545 590400
538.695 590424
538.845 590449
538.995 590474
539.145 590498
539.295 590522
539.445 590546
539.595 590570
539.745 590595
539.895 590620
540.045 590645
540.195 590670
540.345 590693
540.495 590717
540.645 590741
540.795 590766
540.945 590791
541.095 590817
541.245 590840
541.395 590863
541.545 587698
541.695 584534
541.845 581371
541.995 578209
542.145 575052
542.295 571895
542.445 568741
542.595 565586
542.745 562434
542.895 559283
543.045 556135
543.195 552986
543.345 549843
543.495 546699
543.645 543558
543.795 540416
543.945 537279
544.095 534142
544.245 531008
544.395 527874
544.545 529047
544.695 530220
544.845 531391
544.995 532562
545.145 533733
545.295 534904
545.445 536072
545.595 537240
545.745 538407
545.895 539574
546.045 540742
546.195 541909
546.345 543074
546.495 544238
546.645 545401
546.795 546564
546.945 547727
547.095 548889
547.245 550050
547.395 551211
547.545 549817
547.695 548424
547.845 547032
547.995 545641
548.145 544251
548.295 542861
548.445 541472
548.595 540084
548.745 538696
548.895 537308
549.045 535924
549.195 534539
549.345 533153
549.495 531768
549.645 530386
549.795 529004
549.945 527623
550.095 526243
550.245 524862
550.395 523482
550.545 521342
550.695 519201
550.845 517063
550.995 514924
551.145 512788
551.295 510652
551.445 508519
551.595 506387
551.745 504254
551.895 502122
552.045 499993
552.195 497864
552.345 495739
552.495 493614
552.645 491489
552.795 489364
552.945 487243
553.095 485121
553.245 483001
553.395 480881
553.545 479998
553.695 479115
553.845 478232
553.995 477348
554.145 476466
554.295 475585
554.445 474704
554.595 473824
554.745 472944
554.895 472064
555.045 471186
555.195 470308
555.345 469430
555.495 468552
555.645 467676
555.795 466799
555.945 465923
556.095 465047
556.245 464172
556.395 463298
556.545 463891
556.695 464484
556.845 465075
556.995 465666
557.145 466258
557.295 466851
557.445 467442
557.595 468032
557.745 468623
557.895 469214
558.045 469804
558.195 470394
558.345 470983
558.495 471573
558.645 472161
558.795 472749
558.945 473337
559.095 473925
559.245 474512
559.395 475098
559.545 477417
559.695 479737
559.845 482052
559.995 484367
560.145 486680
560.295 488993
560.445 491303
560.595 493613
560.745 495919
560.895 498226
561.045 500533
561.195 502839
561.345 505142
561.495 507444
561.645 509745
561.795 512046
561.945 514344
562.095 516643
562.245 518938
562.395 521234
562.545 518411
562.695 515587
562.845 512766
562.995 509945
563.145 507128
563.295 504311
563.445 501497
563.595 498683
563.745 495872
563.895 493062
564.045 490254
564.195 487446
564.345 484640
564.495 481835
564.645 479033
564.795 476232
564.945 473432
565.095 470632
565.245 467836
565.395 465040
565.545 463425
565.695 461809
565.845 460196
565.995 458582
566.145 456970
566.295 455358
566.445 453748
566.595 452138
566.745 450530
566.895 448921
567.045 447315
567.195 445709
567.345 444104
567.495 442499
567.645 440896
567.795 439294
567.945 437692
568.095 436090
568.245 434490
568.395 432889
568.545 434997
568.695 437105
568.845 439209
568.995 441314
569.145 443417
569.295 445521
569.445 447621
569.595 449722
569.745 451819
569.895 453917
570.045 456013
570.195 458109
570.345 460204
570.495 462299
570.645 464390
570.795 466481
570.945 468571
571.095 470661
571.245 472749
571.395 474836
571.545 473099
571.695 471363
571.845 469628
571.995 467893
572.145 466160
572.295 464428
572.445 462697
572.595 460966
572.745 459236
572.895 457507
573.045 455780
573.195 454052
573.345 452326
573.495 450600
573.645 448876
573.795 447153
573.945 445431
574.095 443709
574.245 441988
574.395 440268
574.545 439615
574.695 438962
574.845 438311
574.995 437659
575.145 437007
575.295 436355
575.445 435704
575.595 435053
575.745 434403
575.895 433753
576.045 433104
576.195 432456
576.345 431806
576.495 431157
576.645 430509
576.795 429860
576.945 429213
577.095 428566
577.245 427919
577.395 427273
577.545 428398
577.695 429522
577.845 430646
577.995 431771
578.145 432893
578.295 434016
578.445 435138
578.595 436260
578.745 437380
578.895 438500
579.045 439619
579.195 440738
579.345 441857
579.495 442975
579.645 444092
579.795 445209
579.945 446325
580.095 447441
580.245 448555
580.395 449670
580.545 450055
580.695 450439
580.845 450824
580.995 451209
581.145 451592
581.295 451975
581.445 452358
581.595 452740
581.745 453124
581.895 453508
582.045 453890
582.195 454272
582.345 454654
582.495 455036
582.645 455418
582.795 455801
582.945 456182
583.095 456563
583.245 456944
583.395 457326
583.545 455391
583.695 453456
583.845 451522
583.995 449589
584.145 447660
584.295 445731
584.445 443801
584.595 441871
584.745 439945
584.895 438019
585.045 436094
585.195 434169
585.345 432246
585.495 430324
585.645 428403
585.795 426483
585.945 424564
586.095 422646
586.245 420729
586.395 418811
586.545 420413
586.695 422016
586.845 423616
586.995 425216
587.145 426814
587.295 428412
587.445 430009
587.595 431606
587.745 433201
587.895 434796
588.045 436389
588.195 437982
588.345 439574
588.495 441165
588.645 442756
588.795 444346
588.945 445935
589.095 447524
589.245 449111
589.395 450698
589.545 452283
589.695 453868
589.845 455452
589.995 457036
590.145 457935
590.295 458833
590.445 459730
590.595 460628
590.745 461525
590.895 462422
591.045 463318
591.195 464214
591.345 465109
591.495 466005
591.645 466898
591.795 467792
591.945 468685
592.095 469578
592.245 470471
592.395 471363
592.545 472254
592.695 473146
592.845 471003
592.995 468860
593.145 466717
593.295 464574
593.445 462436
593.595 460297
593.745 458160
593.895 456022
594.045 453887
594.195 451752
594.345 449619
594.495 447486
594.645 445355
594.795 443224
594.945 441096
595.095 438968
595.245 438423
595.395 437878
595.545 437333
595.695 436789
595.845 436244
595.995 435700
596.145 435157
596.295 434613
596.445 434069
596.595 433526
596.745 432983
596.895 432440
597.045 431897
597.195 431355
597.345 430813
597.495 430272
597.645 429731
597.795 429190
597.945 428649
598.095 428109
598.245 427569
598.395 427030
598.545 427781
598.695 428532
598.845 429281
598.995 430030
599.145 430780
599.295 431529
599.445 432279
599.595 433028
599.745 433775
599.895 434523
600.045 435270
600.195 436018
600.345 436764
600.495 437511
600.645 438256
600.795 439001
600.945 439746
601.095 440491
601.245 441235
601.395 441979
601.545 441213
601.695 440447
601.845 439683
601.995 438920
602.145 438155
602.295 437391
602.445 436628
602.595 435865
602.745 435102
602.895 434340
603.045 433578
603.195 432816
603.345 432056
603.495 431296
603.645 430535
603.795 429774
603.945 429015
604.095 428256
604.245 427498
604.395 426739
604.545 427999
604.695 429260
604.845 430519
604.995 431778
605.145 433036
605.295 434294
605.445 435551
605.595 436808
605.745 438063
605.895 439318
606.045 440573
606.195 441828
606.345 443081
606.495 444334
606.645 445585
606.795 446836
606.945 448086
607.095 449337
607.245 450586
607.395 451835
607.545 449883
607.695 447930
607.845 445979
607.995 444028
608.145 442077
608.295 440126
608.445 438179
608.595 436232
608.745 434287
608.895 432342
609.045 430398
609.195 428454
609.345 426511
609.495 424569
609.645 422629
609.795 420689
609.945 418751
610.095 416813
610.245 414878
610.395 412942
610.545 413372
610.695 413802
610.845 414231
610.995 414660
611.145 415089
611.295 415518
611.445 415947
611.595 416375
611.745 416804