lam(nm) Flux (10^-20 J/s/m2/um)
304.395 1.23683e+06
304.545 1.18758e+06
304.695 1.13833e+06
304.845 1.08917e+06
304.995 1.04001e+06
305.145 990948
305.295 941888
305.445 892922
305.595 843957
305.745 795090
305.895 746222
306.045 697448
306.195 648675
306.345 599998
306.495 551322
306.645 502742
306.795 454161
306.945 405671
307.095 357181
307.245 308788
307.395 260395
307.545 284133
307.695 307871
307.845 331562
307.995 355254
308.145 378899
308.295 402545
308.445 426143
308.595 449742
308.745 473295
308.895 496848
309.045 520356
309.195 543864
309.345 567326
309.495 590788
309.645 614205
309.795 637622
309.945 660993
310.095 684363
310.245 707691
310.395 731019
310.545 778367
310.695 825716
310.845 872975
310.995 920234
311.145 967402
311.295 1.01457e+06
311.445 1.06164e+06
311.595 1.10872e+06
311.745 1.1557e+06
311.895 1.20269e+06
312.045 1.24959e+06
312.195 1.29648e+06
312.345 1.34329e+06
312.495 1.39009e+06
312.645 1.43681e+06
312.795 1.48352e+06
312.945 1.53015e+06
313.095 1.57677e+06
313.245 1.62331e+06
313.395 1.66985e+06
313.545 1.6678e+06
313.695 1.66574e+06
313.845 1.66369e+06
313.995 1.66164e+06
314.145 1.65959e+06
314.295 1.65755e+06
314.445 1.65551e+06
314.595 1.65346e+06
314.745 1.65142e+06
314.895 1.64938e+06
315.045 1.64735e+06
315.195 1.64531e+06
315.345 1.64328e+06
315.495 1.64125e+06
315.645 1.63922e+06
315.795 1.6372e+06
315.945 1.63517e+06
316.095 1.63315e+06
316.245 1.63113e+06
316.395 1.62911e+06
316.545 1.6102e+06
316.695 1.5913e+06
316.845 1.57243e+06
316.995 1.55356e+06
317.145 1.53472e+06
317.295 1.51589e+06
317.445 1.49709e+06
317.595 1.47829e+06
317.745 1.45952e+06
317.895 1.44076e+06
318.045 1.42203e+06
318.195 1.4033e+06
318.345 1.38461e+06
318.495 1.36592e+06
318.645 1.34726e+06
318.795 1.3286e+06
318.945 1.30997e+06
319.095 1.29135e+06
319.245 1.27276e+06
319.395 1.25418e+06
319.545 1.26772e+06
319.695 1.28125e+06
319.845 1.29476e+06
319.995 1.30827e+06
320.145 1.32176e+06
320.295 1.33525e+06
320.445 1.34871e+06
320.595 1.36217e+06
320.745 1.37561e+06
320.895 1.38904e+06
321.045 1.40246e+06
321.195 1.41587e+06
321.345 1.42925e+06
321.495 1.44264e+06
321.645 1.456e+06
321.795 1.46936e+06
321.945 1.4827e+06
322.095 1.49604e+06
322.245 1.50935e+06
322.395 1.52266e+06
322.545 1.50222e+06
322.695 1.48179e+06
322.845 1.46139e+06
322.995 1.44099e+06
323.145 1.42064e+06
323.295 1.40028e+06
323.445 1.37996e+06
323.595 1.35964e+06
323.745 1.33935e+06
323.895 1.31907e+06
324.045 1.29882e+06
324.195 1.27858e+06
324.345 1.25837e+06
324.495 1.23816e+06
324.645 1.21799e+06
324.795 1.19782e+06
324.945 1.17769e+06
325.095 1.15755e+06
325.245 1.13745e+06
325.395 1.11736e+06
325.545 1.13923e+06
325.695 1.1611e+06
325.845 1.18293e+06
325.995 1.20477e+06
326.145 1.22656e+06
326.295 1.24835e+06
326.445 1.2701e+06
326.595 1.29185e+06
326.745 1.31356e+06
326.895 1.33527e+06
327.045 1.35694e+06
327.195 1.37861e+06
327.345 1.40024e+06
327.495 1.42188e+06
327.645 1.44347e+06
327.795 1.46506e+06
327.945 1.48661e+06
328.095 1.50816e+06
328.245 1.52968e+06
328.395 1.55119e+06
328.545 1.54306e+06
328.695 1.53492e+06
328.845 1.5268e+06
328.995 1.51868e+06
329.145 1.51057e+06
329.295 1.50247e+06
329.445 1.49438e+06
329.595 1.48628e+06
329.745 1.47821e+06
329.895 1.47013e+06
330.045 1.46207e+06
330.195 1.454e+06
330.345 1.44596e+06
330.495 1.43791e+06
330.645 1.42987e+06
330.795 1.42184e+06
330.945 1.41382e+06
331.095 1.4058e+06
331.245 1.3978e+06
331.395 1.3898e+06
331.545 1.38393e+06
331.695 1.37806e+06
331.845 1.3722e+06
331.995 1.36634e+06
332.145 1.36049e+06
332.295 1.35465e+06
332.445 1.34881e+06
332.595 1.34297e+06
332.745 1.33714e+06
332.895 1.33132e+06
333.045 1.3255e+06
333.195 1.31968e+06
333.345 1.31388e+06
333.495 1.30807e+06
333.645 1.30227e+06
333.795 1.29648e+06
333.945 1.29069e+06
334.095 1.28491e+06
334.245 1.27913e+06
334.395 1.27336e+06
334.545 1.26772e+06
334.695 1.26208e+06
334.845 1.25645e+06
334.995 1.25081e+06
335.145 1.24519e+06
335.295 1.23957e+06
335.445 1.23396e+06
335.595 1.22835e+06
335.745 1.22275e+06
335.895 1.21715e+06
336.045 1.21156e+06
336.195 1.20597e+06
336.345 1.20039e+06
336.495 1.19481e+06
336.645 1.18925e+06
336.795 1.18368e+06
336.945 1.17811e+06
337.095 1.17255e+06
337.245 1.167e+06
337.395 1.16145e+06
337.545 1.17803e+06
337.695 1.19462e+06
337.845 1.21117e+06
337.995 1.22773e+06
338.145 1.24425e+06
338.295 1.26078e+06
338.445 1.27728e+06
338.595 1.29377e+06
338.745 1.31024e+06
338.895 1.32671e+06
339.045 1.34315e+06
339.195 1.35959e+06
339.345 1.376e+06
339.495 1.3924e+06
339.645 1.40879e+06
339.795 1.42517e+06
339.945 1.44152e+06
340.095 1.45787e+06
340.245 1.47419e+06
340.395 1.49052e+06
340.545 1.48132e+06
340.695 1.47212e+06
340.845 1.46294e+06
340.995 1.45376e+06
341.145 1.4446e+06
341.295 1.43544e+06
341.445 1.4263e+06
341.595 1.41715e+06
341.745 1.40802e+06
341.895 1.39889e+06
342.045 1.38978e+06
342.195 1.38066e+06
342.345 1.37157e+06
342.495 1.36247e+06
342.645 1.35339e+06
342.795 1.34431e+06
342.945 1.33524e+06
343.095 1.32617e+06
343.245 1.31712e+06
343.395 1.30807e+06
343.545 1.31214e+06
343.695 1.31622e+06
343.845 1.32028e+06
343.995 1.32434e+06
344.145 1.32841e+06
344.295 1.33247e+06
344.445 1.33652e+06
344.595 1.34057e+06
344.745 1.34462e+06
344.895 1.34866e+06
345.045 1.3527e+06
345.195 1.35673e+06
345.345 1.36077e+06
345.495 1.3648e+06
345.645 1.36882e+06
345.795 1.37284e+06
345.945 1.37686e+06
346.095 1.38088e+06
346.245 1.38488e+06
346.395 1.38889e+06
346.545 1.39186e+06
346.695 1.39483e+06
346.845 1.39779e+06
346.995 1.40075e+06
347.145 1.4037e+06
347.295 1.40666e+06
347.445 1.40961e+06
347.595 1.41256e+06
347.745 1.4155e+06
347.895 1.41845e+06
348.045 1.42139e+06
348.195 1.42433e+06
348.345 1.42726e+06
348.495 1.4302e+06
348.645 1.43313e+06
348.795 1.43606e+06
348.945 1.43898e+06
349.095 1.44191e+06
349.245 1.44483e+06
349.395 1.44775e+06
349.545 1.42669e+06
349.695 1.40563e+06
349.845 1.3846e+06
349.995 1.36357e+06
350.145 1.34258e+06
350.295 1.32159e+06
350.445 1.30064e+06
350.595 1.27968e+06
350.745 1.25876e+06
350.895 1.23785e+06
351.045 1.21696e+06
351.195 1.19608e+06
351.345 1.17523e+06
351.495 1.15439e+06
351.645 1.13357e+06
351.795 1.11276e+06
351.945 1.09198e+06
352.095 1.07121e+06
352.245 1.05047e+06
352.395 1.02973e+06
352.545 1.05149e+06
352.695 1.07325e+06
352.845 1.09499e+06
352.995 1.11672e+06
353.145 1.13841e+06
353.295 1.1601e+06
353.445 1.18175e+06
353.595 1.20341e+06
353.745 1.22503e+06
353.895 1.24665e+06
354.045 1.26823e+06
354.195 1.28981e+06
354.345 1.31136e+06
354.495 1.3329e+06
354.645 1.35441e+06
354.795 1.37592e+06
354.945 1.3974e+06
355.095 1.41887e+06
355.245 1.4403e+06
355.395 1.46174e+06
355.545 1.43758e+06
355.695 1.41343e+06
355.845 1.38931e+06
355.995 1.36519e+06
356.145 1.34111e+06
356.295 1.31703e+06
356.445 1.293e+06
356.595 1.26896e+06
356.745 1.24496e+06
356.895 1.22097e+06
357.045 1.19701e+06
357.195 1.17305e+06
357.345 1.14913e+06
357.495 1.12522e+06
357.645 1.10134e+06
357.795 1.07747e+06
357.945 1.05363e+06
358.095 1.02979e+06
358.245 1.006e+06
358.395 982204
358.545 964551
358.695 946898
358.845 929277
358.995 911655
359.145 894063
359.295 876471
359.445 858907
359.595 841342
359.745 823807
359.895 806272
360.045 788767
360.195 771263
360.345 753788
360.495 736314
360.645 718867
360.795 701420
360.945 684002
361.095 666585
361.245 649196
361.395 631807
361.545 613674
361.695 595541
361.845 577436
361.995 559331
362.145 541258
362.295 523185
362.445 505142
362.595 487099
362.745 469084
362.895 451070
363.045 433086
363.195 415101
363.345 397147
363.495 379192
363.645 361267
363.795 343343
363.945 325448
364.095 307552
364.245 289686
364.395 271820
364.545 304088
364.695 336356
364.845 368570
364.995 400784
365.145 432946
365.295 465108
365.445 497216
365.595 529324
365.745 561381
365.895 593437
366.045 625440
366.195 657444
366.345 689395
366.495 721346
366.645 753243
366.795 785140
366.945 816989
367.095 848837
367.245 880633
367.395 912428
367.545 937912
367.695 963395
367.845 988838
367.995 1.01428e+06
368.145 1.03968e+06
368.295 1.06508e+06
368.445 1.09044e+06
368.595 1.1158e+06
368.745 1.14112e+06
368.895 1.16644e+06
369.045 1.19172e+06
369.195 1.217e+06
369.345 1.24224e+06
369.495 1.26747e+06
369.645 1.29267e+06
369.795 1.31786e+06
369.945 1.34302e+06
370.095 1.36817e+06
370.245 1.39329e+06
370.395 1.41841e+06
370.545 1.42192e+06
370.695 1.42544e+06
370.845 1.42895e+06
370.995 1.43246e+06
371.145 1.43596e+06
371.295 1.43947e+06
371.445 1.44297e+06
371.595 1.44647e+06
371.745 1.44996e+06
371.895 1.45345e+06
372.045 1.45694e+06
372.195 1.46043e+06
372.345 1.46391e+06
372.495 1.46739e+06
372.645 1.47087e+06
372.795 1.47435e+06
372.945 1.47782e+06
373.095 1.48129e+06
373.245 1.48475e+06
373.395 1.48822e+06
373.545 1.48334e+06
373.695 1.47847e+06
373.845 1.4736e+06
373.995 1.46873e+06
374.145 1.46387e+06
374.295 1.45901e+06
374.445 1.45416e+06
374.595 1.44931e+06
374.745 1.44446e+06
374.895 1.43961e+06
375.045 1.43478e+06
375.195 1.42994e+06
375.345 1.42511e+06
375.495 1.42028e+06
375.645 1.41546e+06
375.795 1.41063e+06
375.945 1.40582e+06
376.095 1.40101e+06
376.245 1.3962e+06
376.395 1.39139e+06
376.545 1.38068e+06
376.695 1.36997e+06
376.845 1.35928e+06
376.995 1.34859e+06
377.145 1.33791e+06
377.295 1.32724e+06
377.445 1.31658e+06
377.595 1.30593e+06
377.745 1.29528e+06
377.895 1.28464e+06
378.045 1.27402e+06
378.195 1.26339e+06
378.345 1.25278e+06
378.495 1.24218e+06
378.645 1.23159e+06
378.795 1.221e+06
378.945 1.21042e+06
379.095 1.19985e+06
379.245 1.18929e+06
379.395 1.17873e+06
379.545 1.19139e+06
379.695 1.20404e+06
379.845 1.21668e+06
379.995 1.22932e+06
380.145 1.24193e+06
380.295 1.25455e+06
380.445 1.26715e+06
380.595 1.27974e+06
380.745 1.29232e+06
380.895 1.30489e+06
381.045 1.31745e+06
381.195 1.33001e+06
381.345 1.34255e+06
381.495 1.35508e+06
381.645 1.3676e+06
381.795 1.38012e+06
381.945 1.39262e+06
382.095 1.40512e+06
382.245 1.41759e+06
382.395 1.43007e+06
382.545 1.43074e+06
382.695 1.43142e+06
382.845 1.43209e+06
382.995 1.43277e+06
383.145 1.43344e+06
383.295 1.43411e+06
383.445 1.43478e+06
383.595 1.43545e+06
383.745 1.43612e+06
383.895 1.43679e+06
384.045 1.43746e+06
384.195 1.43813e+06
384.345 1.4388e+06
384.495 1.43947e+06
384.645 1.44013e+06
384.795 1.4408e+06
384.945 1.44146e+06
385.095 1.44213e+06
385.245 1.4428e+06
385.395 1.44346e+06
385.545 1.42523e+06
385.695 1.407e+06
385.845 1.3888e+06
385.995 1.3706e+06
386.145 1.35242e+06
386.295 1.33425e+06
386.445 1.31609e+06
386.595 1.29794e+06
386.745 1.27983e+06
386.895 1.26171e+06
387.045 1.24362e+06
387.195 1.22552e+06
387.345 1.20746e+06
387.495 1.1894e+06
387.645 1.17137e+06
387.795 1.15333e+06
387.945 1.13532e+06
388.095 1.11732e+06
388.245 1.09934e+06
388.395 1.08136e+06
388.545 1.08322e+06
388.695 1.08509e+06
388.845 1.08694e+06
388.995 1.0888e+06
389.145 1.09066e+06
389.295 1.09252e+06
389.445 1.09437e+06
389.595 1.09622e+06
389.745 1.09807e+06
389.895 1.09993e+06
390.045 1.10177e+06
390.195 1.10362e+06
390.345 1.10547e+06
390.495 1.10731e+06
390.645 1.10915e+06
390.795 1.111e+06
390.945 1.11284e+06
391.095 1.11468e+06
391.245 1.11652e+06
391.395 1.11836e+06
391.545 1.13103e+06
391.695 1.14371e+06
391.845 1.15637e+06
391.995 1.16904e+06
392.145 1.18168e+06
392.295 1.19432e+06
392.445 1.20694e+06
392.595 1.21957e+06
392.745 1.23217e+06
392.895 1.24478e+06
393.045 1.25736e+06
393.195 1.26995e+06
393.345 1.28251e+06
393.495 1.29508e+06
393.645 1.30763e+06
393.795 1.32017e+06
393.945 1.3327e+06
394.095 1.34523e+06
394.245 1.35773e+06
394.395 1.37024e+06
394.545 1.36463e+06
394.695 1.35903e+06
394.845 1.35343e+06
394.995 1.34784e+06
395.145 1.34224e+06
395.295 1.33665e+06
395.445 1.33107e+06
395.595 1.32549e+06
395.745 1.31991e+06
395.895 1.31434e+06
396.045 1.30878e+06
396.195 1.30322e+06
396.345 1.29766e+06
396.495 1.2921e+06
396.645 1.28655e+06
396.795 1.281e+06
396.945 1.27546e+06
397.095 1.26993e+06
397.245 1.2644e+06
397.395 1.25886e+06
397.545 1.24998e+06
397.695 1.24109e+06
397.845 1.23223e+06
397.995 1.22336e+06
398.145 1.2145e+06
398.295 1.20565e+06
398.445 1.1968e+06
398.595 1.18795e+06
398.745 1.17913e+06
398.895 1.1703e+06
399.045 1.16148e+06
399.195 1.15266e+06
399.345 1.14386e+06
399.495 1.13505e+06
399.645 1.12626e+06
399.795 1.11747e+06
399.945 1.1087e+06
400.095 1.09992e+06
400.245 1.09116e+06
400.395 1.0824e+06
400.545 1.09312e+06
400.695 1.10384e+06
400.845 1.11455e+06
400.995 1.12526e+06
401.145 1.13596e+06
401.295 1.14666e+06
401.445 1.15734e+06
401.595 1.16802e+06
401.745 1.17868e+06
401.895 1.18934e+06
402.045 1.19999e+06
402.195 1.21064e+06
402.345 1.22126e+06
402.495 1.23189e+06
402.645 1.24251e+06
402.795 1.25312e+06
402.945 1.26372e+06
403.095 1.27432e+06
403.245 1.28491e+06
403.395 1.29549e+06
403.545 1.29285e+06
403.695 1.29022e+06
403.845 1.28759e+06
403.995 1.28496e+06
404.145 1.28233e+06
404.295 1.2797e+06
404.445 1.27708e+06
404.595 1.27445e+06
404.745 1.27183e+06
404.895 1.26921e+06
405.045 1.2666e+06
405.195 1.26398e+06
405.345 1.26137e+06
405.495 1.25876e+06
405.645 1.25615e+06
405.795 1.25354e+06
405.945 1.25094e+06
406.095 1.24834e+06
406.245 1.24573e+06
406.395 1.24313e+06
406.545 1.23584e+06
406.695 1.22855e+06
406.845 1.22126e+06
406.995 1.21398e+06
407.145 1.20671e+06
407.295 1.19943e+06
407.445 1.19217e+06
407.595 1.18491e+06
407.745 1.17766e+06
407.895 1.17042e+06
408.045 1.16317e+06
408.195 1.15593e+06
408.345 1.1487e+06
408.495 1.14147e+06
408.645 1.13426e+06
408.795 1.12704e+06
408.945 1.11983e+06
409.095 1.11262e+06
409.245 1.10542e+06
409.395 1.09822e+06
409.545 1.09956e+06
409.695 1.10089e+06
409.845 1.10223e+06
409.995 1.10356e+06
410.145 1.10489e+06
410.295 1.10623e+06
410.445 1.10756e+06
410.595 1.10888e+06
410.745 1.11021e+06
410.895 1.11154e+06
411.045 1.11286e+06
411.195 1.11419e+06
411.345 1.11552e+06
411.495 1.11684e+06
411.645 1.11816e+06
411.795 1.11948e+06
411.945 1.1208e+06
412.095 1.12212e+06
412.245 1.12344e+06
412.395 1.12476e+06
412.545 1.12572e+06
412.695 1.12667e+06
412.845 1.12763e+06
412.995 1.12859e+06
413.145 1.12954e+06
413.295 1.1305e+06
413.445 1.13145e+06
413.595 1.13241e+06
413.745 1.13336e+06
413.895 1.13432e+06
414.045 1.13527e+06
414.195 1.13622e+06
414.345 1.13717e+06
414.495 1.13812e+06
414.645 1.13907e+06
414.795 1.14002e+06
414.945 1.14097e+06
415.095 1.14191e+06
415.245 1.14286e+06
415.395 1.1438e+06
415.545 1.1361e+06
415.695 1.12841e+06
415.845 1.12072e+06
415.995 1.11303e+06
416.145 1.10535e+06
416.295 1.09768e+06
416.445 1.09001e+06
416.595 1.08234e+06
416.745 1.07469e+06
416.895 1.06703e+06
417.045 1.05939e+06
417.195 1.05175e+06
417.345 1.04411e+06
417.495 1.03648e+06
417.645 1.02886e+06
417.795 1.02124e+06
417.945 1.01363e+06
418.095 1.00602e+06
418.245 998418
418.395 990817
418.545 993353
418.695 995889
418.845 998424
418.995 1.00096e+06
419.145 1.00349e+06
419.295 1.00602e+06
419.445 1.00855e+06
419.595 1.01107e+06
419.745 1.0136e+06
419.895 1.01612e+06
420.045 1.01864e+06
420.195 1.02116e+06
420.345 1.02368e+06
420.495 1.02619e+06
420.645 1.0287e+06
420.795 1.03121e+06
420.945 1.03373e+06
421.095 1.03624e+06
421.245 1.03874e+06
421.395 1.04125e+06
421.545 1.04066e+06
421.695 1.04008e+06
421.845 1.0395e+06
421.995 1.03892e+06
422.145 1.03833e+06
422.295 1.03775e+06
422.445 1.03717e+06
422.595 1.03659e+06
422.745 1.03601e+06
422.895 1.03543e+06
423.045 1.03485e+06
423.195 1.03427e+06
423.345 1.03369e+06
423.495 1.03312e+06
423.645 1.03254e+06
423.795 1.03196e+06
423.945 1.03138e+06
424.095 1.03081e+06
424.245 1.03023e+06
424.395 1.02965e+06
424.545 1.03044e+06
424.695 1.03123e+06
424.845 1.03202e+06
424.995 1.0328e+06
425.145 1.03359e+06
425.295 1.03437e+06
425.445 1.03516e+06
425.595 1.03594e+06
425.745 1.03672e+06
425.895 1.03751e+06
426.045 1.03829e+06
426.195 1.03908e+06
426.345 1.03985e+06
426.495 1.04063e+06
426.645 1.04142e+06
426.795 1.0422e+06
426.945 1.04297e+06
427.095 1.04375e+06
427.245 1.04453e+06
427.395 1.04531e+06
427.545 1.04539e+06
427.695 1.04548e+06
427.845 1.04556e+06
427.995 1.04564e+06
428.145 1.04573e+06
428.295 1.04581e+06
428.445 1.0459e+06
428.595 1.04598e+06
428.745 1.04607e+06
428.895 1.04615e+06
429.045 1.04623e+06
429.195 1.04632e+06
429.345 1.0464e+06
429.495 1.04649e+06
429.645 1.04657e+06
429.795 1.04666e+06
429.945 1.04674e+06
430.095 1.04682e+06
430.245 1.04691e+06
430.395 1.04699e+06
430.545 1.04948e+06
430.695 1.05198e+06
430.845 1.05447e+06
430.995 1.05697e+06
431.145 1.05945e+06
431.295 1.06194e+06
431.445 1.06443e+06
431.595 1.06691e+06
431.745 1.06939e+06
431.895 1.07188e+06
432.045 1.07436e+06
432.195 1.07683e+06
432.345 1.07931e+06
432.495 1.08178e+06
432.645 1.08042e+06
432.795 1.07905e+06
432.945 1.07769e+06
433.095 1.07632e+06
433.245 1.07496e+06
433.395 1.0736e+06
433.545 1.07224e+06
433.695 1.07088e+06
433.845 1.06952e+06
433.995 1.06816e+06
434.145 1.06622e+06
434.295 1.06428e+06
434.445 1.06235e+06
434.595 1.06041e+06
434.745 1.05848e+06
434.895 1.05655e+06
435.045 1.05462e+06
435.195 1.05269e+06
435.345 1.05077e+06
435.495 1.04884e+06
435.645 1.04691e+06
435.795 1.04499e+06
435.945 1.04306e+06
436.095 1.04114e+06
436.245 1.03923e+06
436.395 1.03731e+06
436.545 1.03321e+06
436.695 1.02911e+06
436.845 1.02502e+06
436.995 1.02093e+06
437.145 1.01684e+06
437.295 1.01275e+06
437.445 1.00867e+06
437.595 1.00459e+06
437.745 1.00051e+06
437.895 996440
438.045 992368
438.195 988297
438.345 984233
438.495 980170
438.645 976110
438.795 972050
438.945 967997
439.095 963944
439.245 959894
439.395 955845
439.545 955782
439.695 955720
439.845 955656
439.995 955591
440.145 955527
440.295 955463
440.445 955400
440.595 955336
440.745 955273
440.895 955209
441.045 955146
441.195 955083
441.345 955020
441.495 954957
441.645 954892
441.795 954828
441.945 954764
442.095 954699
442.245 954637
442.395 954575
442.545 953894
442.695 953214
442.845 952536
442.995 951859
443.145 951182
443.295 950506
443.445 949830
443.595 949153
443.745 948478
443.895 947804
444.045 947129
444.195 946455
444.345 945781
444.495 945108
444.645 944435
444.795 943762
444.945 943091
445.095 942420
445.245 941750
445.395 941079
445.545 940826
445.695 940572
445.845 940321
445.995 940069
446.145 939817
446.295 939564
446.445 939311
446.595 939058
446.745 938806
446.895 938555
447.045 938305
447.195 938056
447.345 937805
447.495 937555
447.645 937303
447.795 937052
447.945 936802
448.095 936552
448.245 936301
448.395 936051
448.545 932542
448.695 929033
448.845 925524
448.995 922016
449.145 918514
449.295 915011
449.445 911515
449.595 908019
449.745 904526
449.895 901033
450.045 897545
450.195 894058
450.345 890574
450.495 887091
450.645 883613
450.795 880135
450.945 876660
451.095 873184
451.245 869715
451.395 866246
451.545 858809
451.695 851373
451.845 843944
451.995 836515
452.145 829098
452.295 821681
452.445 814271
452.595 806862
452.745 799463
452.895 792064
453.045 784676
453.195 777288
453.345 769910
453.495 762531
453.645 766853
453.795 771175
453.945 775493
454.095 779810
454.245 784123
454.395 788435
454.545 792742
454.695 797049
454.845 801348
454.995 805647
455.145 806409
455.295 807170
455.445 807928
455.595 808687
455.745 809443
455.895 810200
456.045 810956
456.195 811713
456.345 812470
456.495 813226
456.645 813981
456.795 814735
456.945 815488
457.095 816240
457.245 816994
457.395 817748
457.545 812630
457.695 807512
457.845 802402
457.995 797291
458.145 792188
458.295 787084
458.445 781987
458.595 776890
458.745 771800
458.895 766709
459.045 761626
459.195 756542
459.345 751465
459.495 746389
459.645 741320
459.795 736251
459.945 731185
460.095 726120
460.245 721064
460.395 716008
460.545 717426
460.695 718845
460.845 720260
460.995 721675
461.145 723090
461.295 724505
461.445 725919
461.595 727334
461.745 728745
461.895 730155
462.045 731565
462.195 732974
462.345 734383
462.495 735791
462.645 737198
462.795 738604
462.945 740007
463.095 741410
463.245 742812
463.395 744214
463.545 742460
463.695 740706
463.845 738956
463.995 737206
464.145 735457
464.295 733707
464.445 731963
464.595 730218
464.745 728474
464.895 726730
465.045 724989
465.195 723249
465.345 721509
465.495 719769
465.645 718032
465.795 716295
465.945 714560
466.095 712826
466.245 711093
466.395 709360
466.545 710421
466.695 711482
466.845 712541
466.995 713600
467.145 714657
467.295 715714
467.445 716770
467.595 717825
467.745 718881
467.895 719937
468.045 720991
468.195 722045
468.345 723095
468.495 724146
468.645 725198
468.795 726249
468.945 727298
469.095 728347
469.245 729396
469.395 730445
469.545 732450
469.695 734454
469.845 736455
469.995 738456
470.145 740457
470.295 742458
470.445 744456
470.595 746453
470.745 748447
470.895 750441
471.045 752433
471.195 754424
471.345 756414
471.495 758404
471.645 760392
471.795 762379
471.945 764364
472.095 766349
472.245 768328
472.395 770308
472.545 770852
472.695 771396
472.845 771939
472.995 772483
473.145 773026
473.295 773569
473.445 774110
473.595 774651
473.745 775192
473.895 775732
474.045 776271
474.195 776810
474.345 777351
474.495 777891
474.645 778431
474.795 778970
474.945 779508
475.095 780045
475.245 780582
475.395 781119
475.545 781438
475.695 781756
475.845 782077
475.995 782397
476.145 782715
476.295 783034
476.445 783353
476.595 783672
476.745 783990
476.895 784308
477.045 784627
477.195 784947
477.345 785264
477.495 785581
477.645 785898
477.795 786215
477.945 786531
478.095 786847
478.245 787165
478.395 787483
478.545 787084
478.695 786685
478.845 786287
478.995 785890
479.145 785493
479.295 785095
479.445 784699
479.595 784303
479.745 783907
479.895 783510
480.045 783115
480.195 782720
480.345 782324
480.495 781928
480.645 781533
480.795 781138
480.945 780745
481.095 780351
481.245 779957
481.395 779563
481.545 779698
481.695 779832
481.845 779971
481.995 780109
482.145 780244
482.295 780379
482.445 780516
482.595 780653
482.745 780788
482.895 780923
483.045 781058
483.195 781192
483.345 781328
483.495 781463
483.645 781599
483.795 781735
483.945 781871
484.095 782007
484.245 782140
484.395 782274
484.545 780281
484.695 778288
484.845 776298
484.995 774309
485.145 772322
485.295 770334
485.445 768349
485.595 766364
485.745 764382
485.895 762400
486.045 760420
486.195 758440
486.345 756462
486.495 754485
486.645 752509
486.795 750534
486.945 748561
487.095 746589
487.245 744619
487.395 742649
487.545 744733
487.695 746817
487.845 748898
487.995 750978
488.145 753055
488.295 755133
488.445 757210
488.595 759286
488.745 761359
488.895 763433
489.045 765504
489.195 767575
489.345 769642
489.495 771708
489.645 773774
489.795 775839
489.945 777903
490.095 779967
490.245 782027
490.395 784087
490.545 783789
490.695 783491
490.845 783193
490.995 782894
491.145 782596
491.295 782298
491.445 782001
491.595 781705
491.745 781406
491.895 781108
492.045 780812
492.195 780515
492.345 780219
492.495 779923
492.645 779626
492.795 779329
492.945 779033
493.095 778736
493.245 778442
493.395 778148
493.545 775717
493.695 773287
493.845 770862
493.995 768437
494.145 766014
494.295 763591
494.445 761171
494.595 758750
494.745 756332
494.895 753914
495.045 751498
495.195 749083
495.345 746673
495.495 744264
495.645 741853
495.795 739442
495.945 737036
496.095 734630
496.245 732228
496.395 729827
496.545 732756
496.695 735684
496.845 738608
496.995 741532
497.145 744453
497.295 747373
497.445 750291
497.595 753209
497.745 756123
497.895 759037
498.045 761946
498.195 764855
498.345 767764
498.495 770672
498.645 773576
498.795 776480
498.945 779378
499.095 782277
499.245 785175
499.395 788072
499.545 785636
499.695 783199
499.845 780766
499.995 778332
500.145 775903
500.295 773474
500.445 771047
500.595 768619
500.745 766196
500.895 763774
501.045 761351
501.195 758929
501.345 756510
501.495 754091
501.645 755664
501.795 757237
501.945 758808
502.095 760379
502.245 761945
502.395 763511
502.545 765079
502.695 766648
502.845 768211
502.995 769775
503.145 770852
503.295 771930
503.445 773004
503.595 774077
503.745 775150
503.895 776223
504.045 777295
504.195 778368
504.345 779437
504.495 780506
504.645 781576
504.795 782646
504.945 783715
505.095 784785
505.245 785850
505.395 786915
505.545 784613
505.695 782312
505.845 780013
505.995 777714
506.145 775417
506.295 773120
506.445 770826
506.595 768533
506.745 766240
506.895 763947
507.045 761659
507.195 759371
507.345 757086
507.495 754801
507.645 752516
507.795 750232
507.945 747950
508.095 745669
508.245 743391
508.395 741113
508.545 739385
508.695 737657
508.845 735930
508.995 734204
509.145 732478
509.295 730753
509.445 729031
509.595 727309
509.745 725589
509.895 723868
510.045 722150
510.195 720433
510.345 718716
510.495 716999
510.645 715283
510.795 713568
510.945 711857
511.095 710146
511.245 708436
511.395 706725
511.545 704451
511.695 702177
511.845 699906
511.995 697635
512.145 695366
512.295 693097
512.445 690832
512.595 688566
512.745 686304
512.895 684041
513.045 681782
513.195 679523
513.345 677264
513.495 675005
513.645 672750
513.795 670494
513.945 668243
514.095 665991
514.245 663742
514.395 661492
514.545 661138
514.695 660784
514.845 660431
514.995 660077
515.145 659723
515.295 659369
515.445 659016
515.595 658664
515.745 658311
515.895 657959
516.045 657607
516.195 657256
516.345 656904
516.495 656551
516.645 656201
516.795 655851
516.945 655500
517.095 655149
517.245 654798
517.395 654447
517.545 656298
517.695 658149
517.845 659998
517.995 661847
518.145 663693
518.295 665540
518.445 667385
518.595 669230
518.745 671071
518.895 672911
519.045 674752
519.195 676592
519.345 678430
519.495 680268
519.645 682104
519.795 683939
519.945 685772
520.095 687605
520.245 689437
520.395 691269
520.545 689726
520.695 688184
520.845 686643
520.995 685101
521.145 683562
521.295 682022
521.445 680484
521.595 678946
521.745 677411
521.895 675875
522.045 674341
522.195 672806
522.345 671274
522.495 669742
522.645 668212
522.795 666682
522.945 665153
523.095 663625
523.245 662097
523.395 660569
523.545 662051
523.695 663534
523.845 665014
523.995 666494
524.145 667973
524.295 669452
524.445 670929
524.595 672406
524.745 673881
524.895 675355
525.045 676828
525.195 678300
525.345 679773
525.495 681245
525.645 682716
525.795 684187
525.945 685655
526.095 687123
526.245 688590
526.395 690057
526.545 687676
526.695 685295
526.845 682919
526.995 680542
527.145 678166
527.295 675790
527.445 673418
527.595 671046
527.745 668677
527.895 666307
528.045 663940
528.195 661573
528.345 659209
528.495 656846
528.645 654484
528.795 652123
528.945 649763
529.095 647404
529.245 645048
529.395 642691
529.545 642530
529.695 642369
529.845 642207
529.995 642046
530.145 641885
530.295 641723
530.445 641564
530.595 641404
530.745 641243
530.895 641082
531.045 640920
531.195 640758
531.345 640598
531.495 640437
531.645 640278
531.795 640119
531.945 639958
532.095 639796
532.245 639637
532.395 639477
532.545 639993
532.695 640510
532.845 641023
532.995 641536
533.145 642051
533.295 642565
533.445 643079
533.595 643593
533.745 644106
533.895 644618
534.045 645131
534.195 645643
534.345 646154
534.495 646666
534.645 647178
534.795 647691
534.945 648201
535.095 648710
535.245 649221
535.395 649731
535.545 651071
535.695 652411
535.845 653749
535.995 655088
536.145 656425
536.295 657762
536.445 659098
536.595 660433
536.745 661768
536.895 663102
537.045 664435
537.195 665767
537.345 667098
537.495 668429
537.645 669758
537.795 671088
537.945 672417
538.095 673745
538.245 675073
538.395 676400
538.545 676428
538.695 676455
538.845 676484
538.995 676512
539.145 676540
539.295 676567
539.445 676595
539.595 676622
539.745 676651
539.895 676679
540.045 676707
540.195 676736
540.345 676763
540.495 676790
540.645 676818
540.795 676846
540.945 676875
541.095 676904
541.245 676931
541.395 676957
541.545 673332
541.695 669706
541.845 666083
541.995 662459
542.145 658843
542.295 655226
542.445 651612
542.595 647997
542.745 644386
542.895 640775
543.045 637169
543.195 633562
543.345 629960
543.495 626358
543.645 622759
543.795 619160
543.945 615566
544.095 611972
544.245 608381
544.395 604790
544.545 606134
544.695 607478
544.845 608820
544.995 610162
545.145 611503
545.295 612845
545.445 614183
545.595 615521
545.745 616858
545.895 618195
546.045 619533
546.195 620871
546.345 622205
546.495 623539
546.645 624871
546.795 626204
546.945 627536
547.095 628867
547.245 630197
547.395 631528
547.545 629931
547.695 628334
547.845 626740
547.995 625146
548.145 623553
548.295 621961
548.445 620370
548.595 618780
548.745 617190
548.895 615599
549.045 614013
549.195 612426
549.345 610839
549.495 609252
549.645 607669
549.795 606085
549.945 604503
550.095 602921
550.245 601340
550.395 599759
550.545 597306
550.695 594854
550.845 592404
550.995 589954
551.145 587507
551.295 585059
551.445 582616
551.595 580172
551.745 577729
551.895 575286
552.045 572847
552.195 570408
552.345 567973
552.495 565538
552.645 563103
552.795 560669
552.945 558239
553.095 555808
553.245 553379
553.395 550949
553.545 549938
553.695 548927
553.845 547915
553.995 546903
554.145 545892
554.295 544882
554.445 543873
554.595 542865
554.745 541857
554.895 540849
555.045 539843
555.195 538836
555.345 537831
555.495 536825
555.645 535821
555.795 534816
555.945 533812
556.095 532809
556.245 531807
556.395 530805
556.545 531484
556.695 532164
556.845 532841
556.995 533518
557.145 534197
557.295 534876
557.445 535552
557.595 536229
557.745 536906
557.895 537583
558.045 538259
558.195 538935
558.345 539610
558.495 540285
558.645 540959
558.795 541633
558.945 542307
559.095 542981
559.245 543653
559.395 544325
559.545 546982
559.695 549639
559.845 552291
559.995 554944
560.145 557594
560.295 560244
560.445 562890
560.595 565537
560.745 568180
560.895 570823
561.045 573465
561.195 576108
561.345 578746
561.495 581384
561.645 584020
561.795 586656
561.945 589289
562.095 591922
562.245 594553
562.395 597183
562.545 593948
562.695 590713
562.845 587481
562.995 584249
563.145 581022
563.295 577795
563.445 574570
563.595 571346
563.745 568126
563.895 564906
564.045 561689
564.195 558472
564.345 555257
564.495 552043
564.645 548833
564.795 545623
564.945 542416
565.095 539208
565.245 536005
565.395 532801
565.545 530950
565.695 529099
565.845 527251
565.995 525402
566.145 523555
566.295 521708
566.445 519864
566.595 518019
566.745 516176
566.895 514334
567.045 512493
567.195 510653
567.345 508814
567.495 506975
567.645 505139
567.795 503303
567.945 501468
568.095 499633
568.245 497799
568.395 495965
568.545 498380
568.695 500795
568.845 503206
568.995 505618
569.145 508027
569.295 510437
569.445 512844
569.595 515251
569.745 517654
569.895 520057
570.045 522459
570.195 524860
570.345 527260
570.495 529660
570.645 532056
570.795 534452
570.945 536846
571.095 539241
571.245 541633
571.395 544024
571.545 542034
571.695 540045
571.845 538057
571.995 536069
572.145 534084
572.295 532099
572.445 530116
572.595 528133
572.745 526152
572.895 524171
573.045 522191
573.195 520212
573.345 518235
573.495 516257
573.645 514282
573.795 512307
573.945 510334
574.095 508361
574.245 506390
574.395 504419
574.545 503671
574.695 502923
574.845 502177
574.995 501431
575.145 500683
575.295 499936
575.445 499190
575.595 498444
575.745 497700
575.895 496955
576.045 496212
576.195 495469
576.345 494725
576.495 493981
576.645 493238
576.795 492495
576.945 491753
577.095 491012
577.245 490271
577.395 489531
577.545 490819
577.695 492107
577.845 493396
577.995 494684
578.145 495970
578.295 497257
578.445 498542
578.595 499827
578.745 501111
578.895 502394
579.045 503676
579.195 504958
579.345 506239
579.495 507521
579.645 508801
579.795 510081
579.945 511359
580.095 512637
580.245 513914
580.395 515191
580.545 515632
580.695 516073
580.845 516513
580.995 516954
581.145 517393
581.295 517832
581.445 518271
581.595 518709
581.745 519149
581.895 519589
582.045 520026
582.195 520463
582.345 520901
582.495 521339
582.645 521777
582.795 522215
582.945 522652
583.095 523089
583.245 523526
583.395 523962
583.545 521745
583.695 519528
583.845 517314
583.995 515099
584.145 512889
584.295 510678
584.445 508467
584.595 506256
584.745 504049
584.895 501842
585.045 499637
585.195 497431
585.345 495229
585.495 493026
585.645 490826
585.795 488625
585.945 486428
586.095 484230
586.245 482033
586.395 479836
586.545 481672
586.695 483507
586.845 485340
586.995 487174
587.145 489005
587.295 490836
587.445 492665
587.595 494495
587.745 496322
587.895 498150
588.045 499975
588.195 501801
588.345 503624
588.495 505447
588.645 507269
588.795 509091
588.945 510912
589.095 512732
589.245 514551
589.395 516370
589.545 518185
589.695 520001
589.845 521816
589.995 523631
590.145 524660
590.295 525690
590.445 526718
590.595 527745
590.745 528774
590.895 529802
591.045 530828
591.195 531855
591.345 532880
591.495 533906
591.645 534930
591.795 535954
591.945 536977
592.095 538000
592.245 539023
592.395 540045
592.545 541066
592.695 542088
592.845 539632
592.995 537177
593.145 534722
593.295 532267
593.445 529817
593.595 527366
593.745 524918
593.895 522469
594.045 520023
594.195 517577
594.345 515133
594.495 512689
594.645 510248
594.795 507806
594.945 505368
595.095 502930
595.245 502305
595.395 501681
595.545 501057
595.695 500433
595.845 499810
595.995 499186
596.145 498563
596.295 497940
596.445 497317
596.595 496695
596.745 496073
596.895 495451
597.045 494829
597.195 494207
597.345 493587
597.495 492967
597.645 492347
597.795 491727
597.945 491108
598.095 490488
598.245 489870
598.395 489252
598.545 490113
598.695 490973
598.845 491831
598.995 492690
599.145 493549
599.295 494407
599.445 495266
599.595 496124
599.745 496980
599.895 497837
600.045 498693
600.195 499550
600.345 500405
600.495 501261
600.645 502114
600.795 502968
600.945 503821
601.095 504675
601.245 505527
601.395 506380
601.545 505502
601.695 504624
601.845 503750
601.995 502875
602.145 501999
602.295 501123
602.445 500249
602.595 499375
602.745 498501
602.895 497628
603.045 496754
603.195 495881
603.345 495010
603.495 494140
603.645 493268
603.795 492397
603.945 491527
604.095 490657
604.245 489788
604.395 488919
604.545 490363
604.695 491807
604.845 493249
604.995 494692
605.145 496133
605.295 497575
605.445 499015
605.595 500455
605.745 501893
605.895 503330
606.045 504769
606.195 506207
606.345 507642
606.495 509077
606.645 510511
606.795 511944
606.945 513377
607.095 514809
607.245 516241
607.395 517672
607.545 515435
607.695 513198
607.845 510963
607.995 508727
608.145 506492
608.295 504257
608.445 502026
608.595 499795
608.745 497566
608.895 495338
609.045 493111
609.195 490884
609.345 488658
609.495 486432
609.645 484210
609.795 481987
609.945 479767
610.095 477547
610.245 475329
610.395 473111
610.545 473604
610.695 474097
610.845 474588
610.995 475080
611.145 475572
611.295 476063
611.445 476554
611.595 477045
611.745 477536