lam(nm) Flux (10^-20 J/s/m2/um)
304.395 904070
304.545 868069
304.695 832069
304.845 796134
304.995 760199
305.145 724338
305.295 688477
305.445 652686
305.595 616895
305.745 581175
305.895 545455
306.045 509803
306.195 474152
306.345 438572
306.495 402992
306.645 367481
306.795 331971
306.945 296527
307.095 261083
307.245 225710
307.395 190337
307.545 207689
307.695 225040
307.845 242357
307.995 259675
308.145 276958
308.295 294242
308.445 311492
308.595 328741
308.745 345957
308.895 363174
309.045 380357
309.195 397540
309.345 414690
309.495 431839
309.645 448956
309.795 466073
309.945 483156
310.095 500239
310.245 517290
310.395 534342
310.545 568951
310.695 603561
310.845 638105
310.995 672650
311.145 707128
311.295 741605
311.445 776014
311.595 810423
311.745 844768
311.895 879113
312.045 913391
312.195 947670
312.345 981882
312.495 1.01609e+06
312.645 1.05024e+06
312.795 1.08439e+06
312.945 1.11847e+06
313.095 1.15255e+06
313.245 1.18657e+06
313.395 1.22059e+06
313.545 1.21908e+06
313.695 1.21758e+06
313.845 1.21608e+06
313.995 1.21458e+06
314.145 1.21309e+06
314.295 1.21159e+06
314.445 1.2101e+06
314.595 1.20861e+06
314.745 1.20712e+06
314.895 1.20562e+06
315.045 1.20414e+06
315.195 1.20265e+06
315.345 1.20117e+06
315.495 1.19968e+06
315.645 1.1982e+06
315.795 1.19672e+06
315.945 1.19524e+06
316.095 1.19376e+06
316.245 1.19228e+06
316.395 1.19081e+06
316.545 1.17699e+06
316.695 1.16317e+06
316.845 1.14937e+06
316.995 1.13558e+06
317.145 1.12181e+06
317.295 1.10804e+06
317.445 1.0943e+06
317.595 1.08056e+06
317.745 1.06685e+06
317.895 1.05313e+06
318.045 1.03944e+06
318.195 1.02575e+06
318.345 1.01208e+06
318.495 998423
318.645 984784
318.795 971144
318.945 957532
319.095 943920
319.245 930334
319.395 916747
319.545 926643
319.695 936539
319.845 946413
319.995 956287
320.145 966146
320.295 976004
320.445 985845
320.595 995686
320.745 1.00551e+06
320.895 1.01533e+06
321.045 1.02513e+06
321.195 1.03494e+06
321.345 1.04472e+06
321.495 1.0545e+06
321.645 1.06427e+06
321.795 1.07403e+06
321.945 1.08378e+06
322.095 1.09354e+06
322.245 1.10326e+06
322.395 1.11299e+06
322.545 1.09806e+06
322.695 1.08312e+06
322.845 1.06821e+06
322.995 1.0533e+06
323.145 1.03842e+06
323.295 1.02354e+06
323.445 1.00869e+06
323.595 993835
323.745 979007
323.895 964180
324.045 949382
324.195 934585
324.345 919813
324.495 905040
324.645 890296
324.795 875552
324.945 860835
325.095 846118
325.245 831428
325.395 816737
325.545 832725
325.695 848712
325.845 864671
325.995 880630
326.145 896558
326.295 912486
326.445 928385
326.595 944283
326.745 960152
326.895 976021
327.045 991862
327.195 1.0077e+06
327.345 1.02352e+06
327.495 1.03933e+06
327.645 1.05511e+06
327.795 1.07089e+06
327.945 1.08665e+06
328.095 1.1024e+06
328.245 1.11813e+06
328.395 1.13385e+06
328.545 1.1279e+06
328.695 1.12196e+06
328.845 1.11602e+06
328.995 1.11009e+06
329.145 1.10416e+06
329.295 1.09824e+06
329.445 1.09232e+06
329.595 1.08641e+06
329.745 1.0805e+06
329.895 1.0746e+06
330.045 1.0687e+06
330.195 1.06281e+06
330.345 1.05693e+06
330.495 1.05104e+06
330.645 1.04517e+06
330.795 1.0393e+06
330.945 1.03344e+06
331.095 1.02758e+06
331.245 1.02173e+06
331.395 1.01588e+06
331.545 1.01159e+06
331.695 1.0073e+06
331.845 1.00302e+06
331.995 998734
332.145 994459
332.295 990185
332.445 985916
332.595 981648
332.745 977390
332.895 973132
333.045 968880
333.195 964628
333.345 960384
333.495 956140
333.645 951904
333.795 947668
333.945 943439
334.095 939210
334.245 934990
334.395 930770
334.545 926647
334.695 922524
334.845 918406
334.995 914288
335.145 910180
335.295 906072
335.445 901971
335.595 897870
335.745 893778
335.895 889685
336.045 885599
336.195 881513
336.345 877434
336.495 873356
336.645 869284
336.795 865213
336.945 861147
337.095 857082
337.245 853024
337.395 848967
337.545 861090
337.695 873213
337.845 885314
337.995 897415
338.145 909494
338.295 921572
338.445 933631
338.595 945690
338.745 957726
338.895 969763
339.045 981780
339.195 993798
339.345 1.00579e+06
339.495 1.01779e+06
339.645 1.02976e+06
339.795 1.04173e+06
339.945 1.05368e+06
340.095 1.06563e+06
340.245 1.07757e+06
340.395 1.0895e+06
340.545 1.08278e+06
340.695 1.07606e+06
340.845 1.06935e+06
340.995 1.06264e+06
341.145 1.05594e+06
341.295 1.04924e+06
341.445 1.04256e+06
341.595 1.03587e+06
341.745 1.0292e+06
341.895 1.02253e+06
342.045 1.01586e+06
342.195 1.0092e+06
342.345 1.00255e+06
342.495 995902
342.645 989265
342.795 982627
342.945 975999
343.095 969370
343.245 962756
343.395 956141
343.545 959117
343.695 962094
343.845 965065
343.995 968036
344.145 971006
344.295 973976
344.445 976937
344.595 979899
344.745 982853
344.895 985808
345.045 988760
345.195 991712
345.345 994658
345.495 997604
345.645 1.00055e+06
345.795 1.00349e+06
345.945 1.00642e+06
346.095 1.00936e+06
346.245 1.01229e+06
346.395 1.01522e+06
346.545 1.01739e+06
346.695 1.01955e+06
346.845 1.02172e+06
346.995 1.02388e+06
347.145 1.02604e+06
347.295 1.0282e+06
347.445 1.03036e+06
347.595 1.03252e+06
347.745 1.03467e+06
347.895 1.03682e+06
348.045 1.03897e+06
348.195 1.04112e+06
348.345 1.04327e+06
348.495 1.04541e+06
348.645 1.04755e+06
348.795 1.04969e+06
348.945 1.05183e+06
349.095 1.05397e+06
349.245 1.0561e+06
349.395 1.05824e+06
349.545 1.04284e+06
349.695 1.02745e+06
349.845 1.01208e+06
349.995 996709
350.145 981367
350.295 966026
350.445 950708
350.595 935389
350.745 920099
350.895 904809
351.045 889545
351.195 874281
351.345 859043
351.495 843804
351.645 828591
351.795 813378
351.945 798191
352.095 783004
352.245 767844
352.395 752683
352.545 768592
352.695 784501
352.845 800385
352.995 816269
353.145 832124
353.295 847979
353.445 863808
353.595 879637
353.745 895441
353.895 911244
354.045 927019
354.195 942794
354.345 958543
354.495 974292
354.645 990015
354.795 1.00574e+06
354.945 1.02143e+06
355.095 1.03713e+06
355.245 1.0528e+06
355.395 1.06847e+06
355.545 1.05081e+06
355.695 1.03315e+06
355.845 1.01552e+06
355.995 997890
356.145 980290
356.295 962690
356.445 945122
356.595 927553
356.745 910013
356.895 892473
357.045 874960
357.195 857446
357.345 839966
357.495 822485
357.645 805032
357.795 787579
357.945 770156
358.095 752733
358.245 735340
358.395 717947
358.545 705044
358.695 692140
358.845 679259
358.995 666379
359.145 653520
359.295 640661
359.445 627822
359.595 614983
359.745 602166
359.895 589349
360.045 576553
360.195 563758
360.345 550985
360.495 538212
360.645 525459
360.795 512706
360.945 499975
361.095 487243
361.245 474533
361.395 461822
361.545 448568
361.695 435314
361.845 422080
361.995 408846
362.145 395635
362.295 382425
362.445 369236
362.595 356047
362.745 342880
362.895 329712
363.045 316566
363.195 303420
363.345 290296
363.495 277173
363.645 264070
363.795 250968
363.945 237887
364.095 224807
364.245 211748
364.395 198688
364.545 222275
364.695 245861
364.845 269408
364.995 292955
365.145 316464
365.295 339973
365.445 363442
365.595 386912
365.745 410344
365.895 433776
366.045 457169
366.195 480562
366.345 503917
366.495 527271
366.645 550587
366.795 573902
366.945 597182
367.095 620461
367.245 643703
367.395 666944
367.545 685571
367.695 704198
367.845 722796
367.995 741393
368.145 759961
368.295 778528
368.445 797065
368.595 815603
368.745 834109
368.895 852616
369.045 871094
369.195 889572
369.345 908019
369.495 926467
369.645 944883
369.795 963299
369.945 981686
370.095 1.00007e+06
370.245 1.01843e+06
370.395 1.03679e+06
370.545 1.03936e+06
370.695 1.04193e+06
370.845 1.0445e+06
370.995 1.04706e+06
371.145 1.04962e+06
371.295 1.05218e+06
371.445 1.05474e+06
371.595 1.0573e+06
371.745 1.05986e+06
371.895 1.06241e+06
372.045 1.06496e+06
372.195 1.06751e+06
372.345 1.07005e+06
372.495 1.0726e+06
372.645 1.07514e+06
372.795 1.07768e+06
372.945 1.08022e+06
373.095 1.08275e+06
373.245 1.08529e+06
373.395 1.08782e+06
373.545 1.08426e+06
373.695 1.08069e+06
373.845 1.07713e+06
373.995 1.07358e+06
374.145 1.07002e+06
374.295 1.06647e+06
374.445 1.06292e+06
374.595 1.05938e+06
374.745 1.05583e+06
374.895 1.05229e+06
375.045 1.04876e+06
375.195 1.04522e+06
375.345 1.04169e+06
375.495 1.03816e+06
375.645 1.03464e+06
375.795 1.03111e+06
375.945 1.02759e+06
376.095 1.02407e+06
376.245 1.02056e+06
376.395 1.01704e+06
376.545 1.00922e+06
376.695 1.00139e+06
376.845 993573
376.995 985758
377.145 977954
377.295 970151
377.445 962362
377.595 954573
377.745 946793
377.895 939014
378.045 931249
378.195 923484
378.345 915729
378.495 907975
378.645 900234
378.795 892493
378.945 884763
379.095 877033
379.245 869316
379.395 861599
379.545 870850
379.695 880102
379.845 889339
379.995 898577
380.145 907797
380.295 917018
380.445 926226
380.595 935435
380.745 944627
380.895 953819
381.045 962998
381.195 972178
381.345 981340
381.495 990503
381.645 999654
381.795 1.00881e+06
381.945 1.01794e+06
382.095 1.02708e+06
382.245 1.0362e+06
382.395 1.04532e+06
382.545 1.04581e+06
382.695 1.0463e+06
382.845 1.0468e+06
382.995 1.04729e+06
383.145 1.04778e+06
383.295 1.04827e+06
383.445 1.04876e+06
383.595 1.04925e+06
383.745 1.04974e+06
383.895 1.05023e+06
384.045 1.05072e+06
384.195 1.05121e+06
384.345 1.0517e+06
384.495 1.05218e+06
384.645 1.05267e+06
384.795 1.05316e+06
384.945 1.05365e+06
385.095 1.05413e+06
385.245 1.05462e+06
385.395 1.05511e+06
385.545 1.04178e+06
385.695 1.02846e+06
385.845 1.01515e+06
385.995 1.00184e+06
386.145 988559
386.295 975273
386.445 962005
386.595 948738
386.745 935496
386.895 922254
387.045 909028
387.195 895802
387.345 882600
387.495 869398
387.645 856215
387.795 843032
387.945 829870
388.095 816707
388.245 803565
388.395 790422
388.545 791785
388.695 793148
388.845 794507
388.995 795866
389.145 797223
389.295 798580
389.445 799935
389.595 801291
389.745 802643
389.895 803996
390.045 805347
390.195 806698
390.345 808046
390.495 809394
390.645 810742
390.795 812090
390.945 813434
391.095 814778
391.245 816122
391.395 817467
391.545 826735
391.695 836003
391.845 845258
391.995 854513
392.145 863754
392.295 872995
392.445 882222
392.595 891449
392.745 900663
392.895 909876
393.045 919075
393.195 928273
393.345 937459
393.495 946645
393.645 955816
393.795 964987
393.945 974144
394.095 983301
394.245 992443
394.395 1.00158e+06
394.545 997485
394.695 993386
394.845 989297
394.995 985208
395.145 981120
395.295 977032
395.445 972951
395.595 968871
395.745 964797
395.895 960724
396.045 956658
396.195 952592
396.345 948529
396.495 944466
396.645 940410
396.795 936355
396.945 932307
397.095 928259
397.245 924216
397.395 920173
397.545 913678
397.695 907184
397.845 900702
397.995 894221
398.145 887747
398.295 881273
398.445 874807
398.595 868341
398.745 861888
398.895 855435
399.045 848990
399.195 842545
399.345 836108
399.495 829671
399.645 823247
399.795 816823
399.945 810407
400.095 803992
400.245 797587
400.395 791182
400.545 799021
400.695 806861
400.845 814689
400.995 822518
401.145 830337
401.295 838156
401.445 845961
401.595 853766
401.745 861559
401.895 869352
402.045 877137
402.195 884921
402.345 892688
402.495 900456
402.645 908217
402.795 915978
402.945 923725
403.095 931473
403.245 939209
403.395 946945
403.545 945018
403.695 943091
403.845 941168
403.995 939245
404.145 937325
404.295 935406
404.445 933487
404.595 931568
404.745 929653
404.895 927737
405.045 925826
405.195 923914
405.345 922006
405.495 920098
405.645 918191
405.795 916283
405.945 914380
406.095 912478
406.245 910575
406.395 908673
406.545 903342
406.695 898011
406.845 892688
406.995 887365
407.145 882048
407.295 876731
407.445 871425
407.595 866118
407.745 860820
407.895 855521
408.045 850227
408.195 844933
408.345 839650
408.495 834366
408.645 829090
408.795 823813
408.945 818544
409.095 813274
409.245 808012
409.395 802750
409.545 803726
409.695 804701
409.845 805677
409.995 806653
410.145 807628
410.295 808603
410.445 809573
410.595 810543
410.745 811514
410.895 812485
411.045 813454
411.195 814423
411.345 815391
411.495 816359
411.645 817326
411.795 818292
411.945 819256
412.095 820219
412.245 821185
412.395 822150
412.545 822849
412.695 823549
412.845 824248
412.995 824947
413.145 825645
413.295 826343
413.445 827042
413.595 827741
413.745 828438
413.895 829134
414.045 829830
414.195 830526
414.345 831219
414.495 831913
414.645 832607
414.795 833301
414.945 833994
415.095 834687
415.245 835377
415.395 836067
415.545 830441
415.695 824815
415.845 819196
415.995 813576
416.145 807964
416.295 802351
416.445 796748
416.595 791145
416.745 785549
416.895 779953
417.045 774366
417.195 768780
417.345 763200
417.495 757620
417.645 752050
417.795 746480
417.945 740917
418.095 735355
418.245 729799
418.395 724242
418.545 726096
418.695 727950
418.845 729803
418.995 731656
419.145 733507
419.295 735357
419.445 737203
419.595 739049
419.745 740893
419.895 742738
420.045 744581
420.195 746424
420.345 748263
420.495 750102
420.645 751937
420.795 753771
420.945 755607
421.095 757443
421.245 759274
421.395 761105
421.545 760678
421.695 760250
421.845 759826
421.995 759401
422.145 758975
422.295 758549
422.445 758124
422.595 757700
422.745 757276
422.895 756852
423.045 756428
423.195 756004
423.345 755584
423.495 755163
423.645 754739
423.795 754315
423.945 753894
424.095 753472
424.245 753051
424.395 752629
424.545 753206
424.695 753783
424.845 754357
424.995 754932
425.145 755506
425.295 756081
425.445 756653
425.595 757225
425.745 757798
425.895 758371
426.045 758944
426.195 759517
426.345 760087
426.495 760657
426.645 761228
426.795 761798
426.945 762367
427.095 762936
427.245 763504
427.395 764072
427.545 764133
427.695 764195
427.845 764257
427.995 764319
428.145 764381
428.295 764443
428.445 764505
428.595 764567
428.745 764627
428.895 764688
429.045 764750
429.195 764812
429.345 764873
429.495 764935
429.645 764996
429.795 765058
429.945 765118
430.095 765179
430.245 765241
430.395 765303
430.545 767125
430.695 768947
430.845 770771
430.995 772594
431.145 774413
431.295 776232
431.445 778048
431.595 779865
431.745 781679
431.895 783494
432.045 785306
432.195 787118
432.345 788927
432.495 790736
432.645 789737
432.795 788738
432.945 787741
433.095 786743
433.245 785748
433.395 784753
433.545 783758
433.695 782763
433.845 781770
433.995 780777
434.145 779360
434.295 777943
434.445 776529
434.595 775114
434.745 773702
434.895 772291
435.045 770880
435.195 769469
435.345 768062
435.495 766656
435.645 765247
435.795 763839
435.945 762433
436.095 761027
436.245 759627
436.395 758227
436.545 755231
436.695 752234
436.845 749243
436.995 746252
437.145 743264
437.295 740275
437.445 737292
437.595 734310
437.745 731331
437.895 728353
438.045 725377
438.195 722401
438.345 719430
438.495 716460
438.645 713492
438.795 710525
438.945 707562
439.095 704599
439.245 701640
439.395 698680
439.545 698634
439.695 698588
439.845 698541
439.995 698494
440.145 698447
440.295 698401
440.445 698354
440.595 698308
440.745 698261
440.895 698215
441.045 698169
441.195 698122
441.345 698076
441.495 698030
441.645 697983
441.795 697936
441.945 697889
442.095 697842
442.245 697796
442.395 697751
442.545 697254
442.695 696756
442.845 696261
442.995 695766
443.145 695272
443.295 694777
443.445 694283
443.595 693788
443.745 693295
443.895 692802
444.045 692309
444.195 691816
444.345 691324
444.495 690831
444.645 690340
444.795 689848
444.945 689357
445.095 688866
445.245 688376
445.395 687887
445.545 687701
445.695 687516
445.845 687332
445.995 687148
446.145 686964
446.295 686779
446.445 686594
446.595 686409
446.745 686225
446.895 686041
447.045 685859
447.195 685677
447.345 685493
447.495 685310
447.645 685126
447.795 684943
447.945 684760
448.095 684577
448.245 684394
448.395 684211
448.545 681646
448.695 679081
448.845 676517
448.995 673952
449.145 671392
449.295 668832
449.445 666276
449.595 663721
449.745 661168
449.895 658614
450.045 656065
450.195 653516
450.345 650970
450.495 648423
450.645 645881
450.795 643339
450.945 640799
451.095 638258
451.245 635722
451.395 633187
451.545 627751
451.695 622315
451.845 616885
451.995 611455
452.145 606033
452.295 600612
452.445 595196
452.595 589779
452.745 584371
452.895 578963
453.045 573563
453.195 568163
453.345 562769
453.495 557376
453.645 560535
453.795 563694
453.945 566850
454.095 570006
454.245 573159
454.395 576311
454.545 579459
454.695 582607
454.845 585749
454.995 588892
455.145 589448
455.295 590005
455.445 590559
455.595 591114
455.745 591667
455.895 592219
456.045 592772
456.195 593325
456.345 593879
456.495 594432
456.645 594983
456.795 595535
456.945 596085
457.095 596635
457.245 597186
457.395 597737
457.545 593996
457.695 590255
457.845 586519
457.995 582784
458.145 579053
458.295 575323
458.445 571597
458.595 567872
458.745 564151
458.895 560430
459.045 556714
459.195 552998
459.345 549287
459.495 545576
459.645 541871
459.795 538166
459.945 534464
460.095 530761
460.245 527065
460.395 523369
460.545 524406
460.695 525443
460.845 526478
460.995 527512
461.145 528546
461.295 529580
461.445 530614
461.595 531648
461.745 532679
461.895 533710
462.045 534741
462.195 535771
462.345 536801
462.495 537830
462.645 538858
462.795 539886
462.945 540912
463.095 541937
463.245 542962
463.395 543987
463.545 542705
463.695 541423
463.845 540143
463.995 538864
464.145 537586
464.295 536307
464.445 535032
464.595 533757
464.745 532482
464.895 531207
465.045 529935
465.195 528662
465.345 527390
465.495 526119
465.645 524849
465.795 523579
465.945 522311
466.095 521044
466.245 519777
466.395 518510
466.545 519286
466.695 520061
466.845 520835
466.995 521609
467.145 522382
467.295 523155
467.445 523926
467.595 524698
467.745 525470
467.895 526242
468.045 527012
468.195 527782
468.345 528550
468.495 529318
468.645 530087
468.795 530855
468.945 531622
469.095 532389
469.245 533156
469.395 533923
469.545 535388
469.695 536853
469.845 538316
469.995 539778
470.145 541241
470.295 542703
470.445 544163
470.595 545623
470.745 547081
470.895 548539
471.045 549994
471.195 551450
471.345 552905
471.495 554359
471.645 555812
471.795 557265
471.945 558716
472.095 560166
472.245 561613
472.395 563060
472.545 563458
472.695 563855
472.845 564253
472.995 564650
473.145 565047
473.295 565444
473.445 565840
473.595 566235
473.745 566630
473.895 567025
474.045 567419
474.195 567813
474.345 568208
474.495 568603
474.645 568998
474.795 569392
474.945 569785
475.095 570178
475.245 570570
475.395 570963
475.545 571196
475.695 571429
475.845 571663
475.995 571897
476.145 572130
476.295 572362
476.445 572596
476.595 572829
476.745 573061
476.895 573294
477.045 573527
477.195 573761
477.345 573993
477.495 574225
477.645 574456
477.795 574688
477.945 574919
478.095 575150
478.245 575382
478.395 575615
478.545 575323
478.695 575031
478.845 574741
478.995 574450
479.145 574160
479.295 573869
479.445 573580
479.595 573290
479.745 573000
479.895 572711
480.045 572422
480.195 572133
480.345 571843
480.495 571554
480.645 571265
480.795 570976
480.945 570689
481.095 570402
481.245 570113
481.395 569825
481.545 569924
481.695 570022
481.845 570123
481.995 570224
482.145 570323
482.295 570422
482.445 570522
482.595 570622
482.745 570721
482.895 570820
483.045 570918
483.195 571016
483.345 571115
483.495 571214
483.645 571314
483.795 571413
483.945 571512
484.095 571612
484.245 571709
484.395 571807
484.545 570350
484.695 568893
484.845 567439
484.995 565985
485.145 564532
485.295 563080
485.445 561629
485.595 560178
485.745 558729
485.895 557280
486.045 555833
486.195 554385
486.345 552940
486.495 551495
486.645 550050
486.795 548606
486.945 547165
487.095 545723
487.245 544283
487.395 542843
487.545 544366
487.695 545890
487.845 547410
487.995 548931
488.145 550450
488.295 551968
488.445 553486
488.595 555004
488.745 556519
488.895 558035
489.045 559549
489.195 561063
489.345 562573
489.495 564084
489.645 565594
489.795 567103
489.945 568612
490.095 570120
490.245 571626
490.395 573132
490.545 572914
490.695 572697
490.845 572479
490.995 572261
491.145 572043
491.295 571825
491.445 571608
491.595 571391
491.745 571173
491.895 570955
492.045 570738
492.195 570522
492.345 570305
492.495 570089
492.645 569872
492.795 569655
492.945 569438
493.095 569221
493.245 569006
493.395 568791
493.545 567015
493.695 565238
493.845 563466
493.995 561693
494.145 559922
494.295 558150
494.445 556381
494.595 554612
494.745 552845
494.895 551077
495.045 549311
495.195 547546
495.345 545785
495.495 544023
495.645 542261
495.795 540499
495.945 538740
496.095 536981
496.245 535226
496.395 533471
496.545 535611
496.695 537752
496.845 539889
496.995 542027
497.145 544161
497.295 546296
497.445 548429
497.595 550562
497.745 552692
497.895 554822
498.045 556948
498.195 559075
498.345 561201
498.495 563327
498.645 565449
498.795 567572
498.945 569690
499.095 571809
499.245 573927
499.395 576045
499.545 574264
499.695 572483
499.845 570705
499.995 568926
500.145 567150
500.295 565375
500.445 563600
500.595 561826
500.745 560055
500.895 558284
501.045 556513
501.195 554743
501.345 552975
501.495 551206
501.645 552356
501.795 553506
501.945 554655
502.095 555803
502.245 556947
502.395 558092
502.545 559239
502.695 560385
502.845 561528
502.995 562671
503.145 563458
503.295 564246
503.445 565031
503.595 565816
503.745 566600
503.895 567384
504.045 568168
504.195 568952
504.345 569733
504.495 570514
504.645 571297
504.795 572079
504.945 572861
505.095 573642
505.245 574421
505.395 575199
505.545 573517
505.695 571835
505.845 570154
505.995 568474
506.145 566795
506.295 565116
506.445 563439
506.595 561763
506.745 560087
506.895 558411
507.045 556738
507.195 555066
507.345 553396
507.495 551725
507.645 550055
507.795 548386
507.945 546718
508.095 545050
508.245 543385
508.395 541720
508.545 540457
508.695 539194
508.845 537932
508.995 536670
509.145 535409
509.295 534148
509.445 532889
509.595 531630
509.745 530373
509.895 529115
510.045 527859
510.195 526604
510.345 525349
510.495 524094
510.645 522840
510.795 521586
510.945 520335
511.095 519085
511.245 517834
511.395 516584
511.545 514922
511.695 513259
511.845 511599
511.995 509940
512.145 508281
512.295 506623
512.445 504967
512.595 503311
512.745 501657
512.895 500003
513.045 498352
513.195 496701
513.345 495050
513.495 493399
513.645 491750
513.795 490101
513.945 488455
514.095 486810
514.245 485165
514.395 483521
514.545 483262
514.695 483004
514.845 482745
514.995 482486
515.145 482228
515.295 481969
515.445 481711
515.595 481453
515.745 481196
515.895 480938
516.045 480681
516.195 480424
516.345 480167
516.495 479909
516.645 479654
516.795 479398
516.945 479141
517.095 478884
517.245 478628
517.395 478371
517.545 479724
517.695 481077
517.845 482429
517.995 483780
518.145 485130
518.295 486479
518.445 487828
518.595 489177
518.745 490522
518.895 491868
519.045 493213
519.195 494558
519.345 495902
519.495 497245
519.645 498587
519.795 499929
519.945 501269
520.095 502609
520.245 503947
520.395 505286
520.545 504159
520.695 503031
520.845 501905
520.995 500778
521.145 499653
521.295 498527
521.445 497403
521.595 496279
521.745 495157
521.895 494034
522.045 492913
522.195 491791
522.345 490671
522.495 489551
522.645 488433
522.795 487314
522.945 486197
523.095 485080
523.245 483963
523.395 482846
523.545 483930
523.695 485013
523.845 486095
523.995 487177
524.145 488258
524.295 489340
524.445 490419
524.595 491499
524.745 492576
524.895 493654
525.045 494731
525.195 495807
525.345 496883
525.495 497959
525.645 499035
525.795 500110
525.945 501183
526.095 502256
526.245 503328
526.395 504401
526.545 502660
526.695 500920
526.845 499183
526.995 497446
527.145 495709
527.295 493972
527.445 492238
527.595 490505
527.745 488773
527.895 487041
528.045 485310
528.195 483580
528.345 481852
528.495 480125
528.645 478399
528.795 476673
528.945 474948
529.095 473223
529.245 471501
529.395 469779
529.545 469661
529.695 469543
529.845 469425
529.995 469307
530.145 469189
530.295 469071
530.445 468954
530.595 468838
530.745 468720
530.895 468602
531.045 468484
531.195 468366
531.345 468248
531.495 468131
531.645 468015
531.795 467898
531.945 467780
532.095 467662
532.245 467545
532.395 467429
532.545 467806
532.695 468184
532.845 468559
532.995 468934
533.145 469310
533.295 469686
533.445 470062
533.595 470438
533.745 470812
533.895 471187
534.045 471561
534.195 471936
534.345 472310
534.495 472684
534.645 473058
534.795 473433
534.945 473805
535.095 474178
535.245 474551
535.395 474924
535.545 475904
535.695 476883
535.845 477861
535.995 478840
536.145 479817
536.295 480795
536.445 481771
536.595 482747
536.745 483722
536.895 484698
537.045 485672
537.195 486646
537.345 487619
537.495 488591
537.645 489563
537.795 490535
537.945 491506
538.095 492477
538.245 493448
538.395 494418
538.545 494438
538.695 494458
538.845 494479
538.995 494500
539.145 494520
539.295 494540
539.445 494560
539.595 494580
539.745 494601
539.895 494622
540.045 494643
540.195 494663
540.345 494683
540.495 494703
540.645 494723
540.795 494744
540.945 494765
541.095 494787
541.245 494806
541.395 494825
541.545 492175
541.695 489525
541.845 486876
541.995 484228
542.145 481584
542.295 478941
542.445 476299
542.595 473657
542.745 471017
542.895 468378
543.045 465742
543.195 463105
543.345 460472
543.495 457840
543.645 455209
543.795 452578
543.945 449951
544.095 447324
544.245 444699
544.395 442074
544.545 443057
544.695 444039
544.845 445020
544.995 446001
545.145 446981
545.295 447962
545.445 448940
545.595 449918
545.745 450896
545.895 451873
546.045 452851
546.195 453829
546.345 454804
546.495 455779
546.645 456753
546.795 457727
546.945 458700
547.095 459674
547.245 460646
547.395 461618
547.545 460451
547.695 459284
547.845 458119
547.995 456954
548.145 455789
548.295 454625
548.445 453463
548.595 452300
548.745 451138
548.895 449975
549.045 448816
549.195 447656
549.345 446496
549.495 445336
549.645 444178
549.795 443021
549.945 441865
550.095 440708
550.245 439552
550.395 438397
550.545 436604
550.695 434811
550.845 433020
550.995 431230
551.145 429441
551.295 427652
551.445 425866
551.595 424080
551.745 422294
551.895 420508
552.045 418725
552.195 416943
552.345 415163
552.495 413383
552.645 411603
552.795 409824
552.945 408047
553.095 406271
553.245 404495
553.395 402719
553.545 401980
553.695 401241
553.845 400501
553.995 399761
554.145 399023
554.295 398284
554.445 397547
554.595 396810
554.745 396073
554.895 395336
555.045 394601
555.195 393865
555.345 393130
555.495 392395
555.645 391661
555.795 390927
555.945 390193
556.095 389459
556.245 388727
556.395 387994
556.545 388491
556.695 388988
556.845 389483
556.995 389978
557.145 390474
557.295 390970
557.445 391465
557.595 391959
557.745 392454
557.895 392949
558.045 393443
558.195 393937
558.345 394431
558.495 394924
558.645 395417
558.795 395910
558.945 396402
559.095 396894
559.245 397386
559.395 397877
559.545 399819
559.695 401761
559.845 403700
559.995 405639
560.145 407576
560.295 409513
560.445 411447
560.595 413382
560.745 415314
560.895 417246
561.045 419177
561.195 421109
561.345 423037
561.495 424965
561.645 426892
561.795 428819
561.945 430744
562.095 432669
562.245 434591
562.395 436514
562.545 434149
562.695 431784
562.845 429422
562.995 427059
563.145 424701
563.295 422342
563.445 419985
563.595 417628
563.745 415274
563.895 412921
564.045 410569
564.195 408218
564.345 405868
564.495 403519
564.645 401172
564.795 398826
564.945 396481
565.095 394137
565.245 391795
565.395 389454
565.545 388101
565.695 386748
565.845 385397
565.995 384045
566.145 382695
566.295 381345
566.445 379997
566.595 378649
566.745 377302
566.895 375955
567.045 374609
567.195 373264
567.345 371920
567.495 370576
567.645 369234
567.795 367892
567.945 366550
568.095 365209
568.245 363869
568.395 362528
568.545 364293
568.695 366059
568.845 367821
568.995 369584
569.145 371345
569.295 373107
569.445 374866
569.595 376625
569.745 378381
569.895 380138
570.045 381894
570.195 383649
570.345 385404
570.495 387158
570.645 388909
570.795 390660
570.945 392411
571.095 394161
571.245 395909
571.395 397657
571.545 396203
571.695 394748
571.845 393295
571.995 391842
572.145 390392
572.295 388941
572.445 387491
572.595 386041
572.745 384593
572.895 383145
573.045 381698
573.195 380251
573.345 378806
573.495 377361
573.645 375917
573.795 374473
573.945 373031
574.095 371589
574.245 370148
574.395 368707
574.545 368161
574.695 367614
574.845 367069
574.995 366523
575.145 365977
575.295 365430
575.445 364885
575.595 364340
575.745 363796
575.895 363252
576.045 362709
576.195 362165
576.345 361621
576.495 361078
576.645 360535
576.795 359992
576.945 359450
577.095 358908
577.245 358366
577.395 357825
577.545 358767
577.695 359708
577.845 360650
577.995 361592
578.145 362532
578.295 363472
578.445 364412
578.595 365351
578.745 366289
578.895 367228
579.045 368165
579.195 369102
579.345 370038
579.495 370975
579.645 371910
579.795 372846
579.945 373780
580.095 374715
580.245 375648
580.395 376582
580.545 376904
580.695 377226
580.845 377548
580.995 377870
581.145 378191
581.295 378512
581.445 378832
581.595 379153
581.745 379474
581.895 379796
582.045 380116
582.195 380435
582.345 380755
582.495 381076
582.645 381396
582.795 381716
582.945 382035
583.095 382354
583.245 382674
583.395 382993
583.545 381372
583.695 379752
583.845 378133
583.995 376514
584.145 374898
584.295 373283
584.445 371667
584.595 370050
584.745 368437
584.895 366824
585.045 365212
585.195 363600
585.345 361990
585.495 360380
585.645 358772
585.795 357163
585.945 355557
586.095 353950
586.245 352344
586.395 350739
586.545 352080
586.695 353422
586.845 354762
586.995 356102
587.145 357440
587.295 358779
587.445 360116
587.595 361454
587.745 362789
587.895 364125
588.045 365459
588.195 366794
588.345 368127
588.495 369459
588.645 370791
588.795 372123
588.945 373453
589.095 374784
589.245 376113
589.395 377443
589.545 378770
589.695 380097
589.845 381424
589.995 382751
590.145 383503
590.295 384255
590.445 385007
590.595 385758
590.745 386510
590.895 387261
591.045 388011
591.195 388762
591.345 389512
591.495 390261
591.645 391010
591.795 391758
591.945 392506
592.095 393254
592.245 394001
592.395 394749
592.545 395495
592.695 396242
592.845 394447
592.995 392652
593.145 390858
593.295 389063
593.445 387272
593.595 385481
593.745 383691
593.895 381901
594.045 380113
594.195 378325
594.345 376539
594.495 374753
594.645 372968
594.795 371183
594.945 369401
595.095 367619
595.245 367163
595.395 366706
595.545 366250
595.695 365794
595.845 365338
595.995 364882
596.145 364427
596.295 363972
596.445 363517
596.595 363062
596.745 362607
596.895 362152
597.045 361698
597.195 361243
597.345 360790
597.495 360337
597.645 359883
597.795 359430
597.945 358978
598.095 358525
598.245 358073
598.395 357621
598.545 358250
598.695 358879
598.845 359507
598.995 360134
599.145 360762
599.295 361390
599.445 362017
599.595 362644
599.745 363270
599.895 363896
600.045 364522
600.195 365148
600.345 365774
600.495 366399
600.645 367023
600.795 367647
600.945 368271
601.095 368895
601.245 369518
601.395 370141
601.545 369499
601.695 368858
601.845 368218
601.995 367579
602.145 366938
602.295 366298
602.445 365659
602.595 365020
602.745 364382
602.895 363743
603.045 363105
603.195 362467
603.345 361830
603.495 361194
603.645 360557
603.795 359920
603.945 359284
604.095 358648
604.245 358013
604.395 357378
604.545 358433
604.695 359489
604.845 360543
604.995 361598
605.145 362651
605.295 363705
605.445 364757
605.595 365810
605.745 366861
605.895 367912
606.045 368963
606.195 370014
606.345 371063
606.495 372113
606.645 373160
606.795 374208
606.945 375255
607.095 376302
607.245 377349
607.395 378395
607.545 376760
607.695 375124
607.845 373491
607.995 371857
608.145 370223
608.295 368589
608.445 366958
608.595 365328
608.745 363699
608.895 362070
609.045 360442
609.195 358814
609.345 357187
609.495 355560
609.645 353936
609.795 352311
609.945 350688
610.095 349065
610.245 347444
610.395 345823
610.545 346183
610.695 346543
610.845 346902
610.995 347262
611.145 347621
611.295 347981
611.445 348340
611.595 348699
611.745 349057