lam(nm) Flux (10^-20 J/s/m2/um)
304.395 1.43805e+06
304.545 1.42519e+06
304.695 1.42519e+06
304.845 1.42519e+06
304.995 1.42519e+06
305.145 1.42519e+06
305.295 1.42519e+06
305.445 1.38684e+06
305.595 1.34848e+06
305.745 1.34848e+06
305.895 1.34848e+06
306.045 1.34848e+06
306.195 1.34848e+06
306.345 1.31833e+06
306.495 1.28819e+06
306.645 1.28819e+06
306.795 1.28819e+06
306.945 1.28819e+06
307.095 1.28819e+06
307.245 1.28819e+06
307.395 1.22302e+06
307.545 1.15786e+06
307.695 1.15786e+06
307.845 1.15786e+06
307.995 1.15786e+06
308.145 1.15786e+06
308.295 1.15786e+06
308.445 1.10667e+06
308.595 1.05547e+06
308.745 1.05547e+06
308.895 1.05547e+06
309.045 1.05547e+06
309.195 1.05547e+06
309.345 1.13993e+06
309.495 1.22439e+06
309.645 1.22439e+06
309.795 1.22439e+06
309.945 1.22439e+06
310.095 1.22439e+06
310.245 1.22439e+06
310.395 1.39072e+06
310.545 1.55705e+06
310.695 1.55705e+06
310.845 1.55705e+06
310.995 1.55705e+06
311.145 1.55705e+06
311.295 1.55705e+06
311.445 1.48135e+06
311.595 1.40564e+06
311.745 1.40564e+06
311.895 1.40564e+06
312.045 1.40564e+06
312.195 1.40564e+06
312.345 1.39755e+06
312.495 1.38945e+06
312.645 1.38945e+06
312.795 1.38945e+06
312.945 1.38945e+06
313.095 1.38945e+06
313.245 1.38945e+06
313.395 1.39791e+06
313.545 1.40636e+06
313.695 1.40636e+06
313.845 1.40636e+06
313.995 1.40636e+06
314.145 1.40636e+06
314.295 1.40636e+06
314.445 1.38202e+06
314.595 1.35767e+06
314.745 1.35767e+06
314.895 1.35767e+06
315.045 1.35767e+06
315.195 1.35767e+06
315.345 1.33494e+06
315.495 1.31221e+06
315.645 1.31221e+06
315.795 1.31221e+06
315.945 1.31221e+06
316.095 1.31221e+06
316.245 1.31221e+06
316.395 1.34085e+06
316.545 1.36948e+06
316.695 1.36948e+06
316.845 1.36948e+06
316.995 1.36948e+06
317.145 1.36948e+06
317.295 1.36948e+06
317.445 1.34191e+06
317.595 1.31434e+06
317.745 1.31434e+06
317.895 1.31434e+06
318.045 1.31434e+06
318.195 1.31434e+06
318.345 1.27042e+06
318.495 1.2265e+06
318.645 1.2265e+06
318.795 1.2265e+06
318.945 1.2265e+06
319.095 1.2265e+06
319.245 1.2265e+06
319.395 1.25207e+06
319.545 1.27764e+06
319.695 1.27764e+06
319.845 1.27764e+06
319.995 1.27764e+06
320.145 1.27764e+06
320.295 1.27764e+06
320.445 1.24464e+06
320.595 1.21164e+06
320.745 1.21164e+06
320.895 1.21164e+06
321.045 1.21164e+06
321.195 1.21164e+06
321.345 1.19769e+06
321.495 1.18373e+06
321.645 1.18373e+06
321.795 1.18373e+06
321.945 1.18373e+06
322.095 1.18373e+06
322.245 1.18373e+06
322.395 1.22766e+06
322.545 1.27159e+06
322.695 1.27159e+06
322.845 1.27159e+06
322.995 1.27159e+06
323.145 1.27159e+06
323.295 1.27159e+06
323.445 1.24168e+06
323.595 1.21178e+06
323.745 1.21178e+06
323.895 1.21178e+06
324.045 1.21178e+06
324.195 1.21178e+06
324.345 1.21423e+06
324.495 1.21667e+06
324.645 1.21667e+06
324.795 1.21667e+06
324.945 1.21667e+06
325.095 1.21667e+06
325.245 1.21667e+06
325.395 1.22022e+06
325.545 1.22377e+06
325.695 1.22377e+06
325.845 1.22377e+06
325.995 1.22377e+06
326.145 1.22377e+06
326.295 1.22377e+06
326.445 1.25383e+06
326.595 1.2839e+06
326.745 1.2839e+06
326.895 1.2839e+06
327.045 1.2839e+06
327.195 1.2839e+06
327.345 1.30341e+06
327.495 1.32291e+06
327.645 1.32291e+06
327.795 1.32291e+06
327.945 1.32291e+06
328.095 1.32291e+06
328.245 1.32291e+06
328.395 1.33892e+06
328.545 1.35493e+06
328.695 1.35493e+06
328.845 1.35493e+06
328.995 1.35493e+06
329.145 1.35493e+06
329.295 1.35493e+06
329.445 1.34363e+06
329.595 1.33234e+06
329.745 1.33234e+06
329.895 1.33234e+06
330.045 1.33234e+06
330.195 1.33234e+06
330.345 1.26538e+06
330.495 1.19842e+06
330.645 1.19842e+06
330.795 1.19842e+06
330.945 1.19842e+06
331.095 1.19842e+06
331.245 1.19842e+06
331.395 1.23412e+06
331.545 1.26981e+06
331.695 1.26981e+06
331.845 1.26981e+06
331.995 1.26981e+06
332.145 1.26981e+06
332.295 1.26981e+06
332.445 1.28093e+06
332.595 1.29205e+06
332.745 1.29205e+06
332.895 1.29205e+06
333.045 1.29205e+06
333.195 1.29205e+06
333.345 1.22684e+06
333.495 1.16164e+06
333.645 1.16164e+06
333.795 1.16164e+06
333.945 1.16164e+06
334.095 1.16164e+06
334.245 1.16164e+06
334.395 1.18748e+06
334.545 1.21331e+06
334.695 1.21331e+06
334.845 1.21331e+06
334.995 1.21331e+06
335.145 1.21331e+06
335.295 1.21331e+06
335.445 1.23971e+06
335.595 1.26611e+06
335.745 1.26611e+06
335.895 1.26611e+06
336.045 1.26611e+06
336.195 1.26611e+06
336.345 1.24887e+06
336.495 1.23163e+06
336.645 1.23163e+06
336.795 1.23163e+06
336.945 1.23163e+06
337.095 1.23163e+06
337.245 1.23163e+06
337.395 1.20636e+06
337.545 1.18108e+06
337.695 1.18108e+06
337.845 1.18108e+06
337.995 1.18108e+06
338.145 1.18108e+06
338.295 1.18108e+06
338.445 1.19581e+06
338.595 1.21054e+06
338.745 1.21054e+06
338.895 1.21054e+06
339.045 1.21054e+06
339.195 1.21054e+06
339.345 1.21034e+06
339.495 1.21013e+06
339.645 1.21013e+06
339.795 1.21013e+06
339.945 1.21013e+06
340.095 1.21013e+06
340.245 1.21013e+06
340.395 1.20428e+06
340.545 1.19844e+06
340.695 1.19844e+06
340.845 1.19844e+06
340.995 1.19844e+06
341.145 1.19844e+06
341.295 1.19844e+06
341.445 1.18693e+06
341.595 1.17542e+06
341.745 1.17542e+06
341.895 1.17542e+06
342.045 1.17542e+06
342.195 1.17542e+06
342.345 1.15905e+06
342.495 1.14267e+06
342.645 1.14267e+06
342.795 1.14267e+06
342.945 1.14267e+06
343.095 1.14267e+06
343.245 1.14267e+06
343.395 1.18237e+06
343.545 1.22207e+06
343.695 1.22207e+06
343.845 1.22207e+06
343.995 1.22207e+06
344.145 1.22207e+06
344.295 1.22207e+06
344.445 1.20185e+06
344.595 1.18163e+06
344.745 1.18163e+06
344.895 1.18163e+06
345.045 1.18163e+06
345.195 1.18163e+06
345.345 1.23468e+06
345.495 1.28773e+06
345.645 1.28773e+06
345.795 1.28773e+06
345.945 1.28773e+06
346.095 1.28773e+06
346.245 1.28773e+06
346.395 1.26578e+06
346.545 1.24383e+06
346.695 1.24383e+06
346.845 1.24383e+06
346.995 1.24383e+06
347.145 1.24383e+06
347.295 1.24383e+06
347.445 1.22204e+06
347.595 1.20025e+06
347.745 1.20025e+06
347.895 1.20025e+06
348.045 1.20025e+06
348.195 1.20025e+06
348.345 1.20599e+06
348.495 1.21174e+06
348.645 1.21174e+06
348.795 1.21174e+06
348.945 1.21174e+06
349.095 1.21174e+06
349.245 1.21174e+06
349.395 1.22329e+06
349.545 1.23485e+06
349.695 1.23485e+06
349.845 1.23485e+06
349.995 1.23485e+06
350.145 1.23485e+06
350.295 1.23485e+06
350.445 1.26056e+06
350.595 1.28627e+06
350.745 1.28627e+06
350.895 1.28627e+06
351.045 1.28627e+06
351.195 1.28627e+06
351.345 1.2375e+06
351.495 1.18873e+06
351.645 1.18873e+06
351.795 1.18873e+06
351.945 1.18873e+06
352.095 1.18873e+06
352.245 1.18873e+06
352.395 1.18499e+06
352.545 1.18126e+06
352.695 1.18126e+06
352.845 1.18126e+06
352.995 1.18126e+06
353.145 1.18126e+06
353.295 1.18126e+06
353.445 1.16159e+06
353.595 1.14191e+06
353.745 1.14191e+06
353.895 1.14191e+06
354.045 1.14191e+06
354.195 1.14191e+06
354.345 1.07654e+06
354.495 1.01117e+06
354.645 1.01117e+06
354.795 1.01117e+06
354.945 1.01117e+06
355.095 1.01117e+06
355.245 1.01117e+06
355.395 1.06949e+06
355.545 1.12781e+06
355.695 1.12781e+06
355.845 1.12781e+06
355.995 1.12781e+06
356.145 1.12781e+06
356.295 1.12781e+06
356.445 1.14437e+06
356.595 1.16092e+06
356.745 1.16092e+06
356.895 1.16092e+06
357.045 1.16092e+06
357.195 1.16092e+06
357.345 1.14732e+06
357.495 1.13372e+06
357.645 1.13372e+06
357.795 1.13372e+06
357.945 1.13372e+06
358.095 1.13372e+06
358.245 1.13372e+06
358.395 1.12662e+06
358.545 1.11952e+06
358.695 1.11952e+06
358.845 1.11952e+06
358.995 1.11952e+06
359.145 1.11952e+06
359.295 1.11952e+06
359.445 1.13375e+06
359.595 1.14797e+06
359.745 1.14797e+06
359.895 1.14797e+06
360.045 1.14797e+06
360.195 1.14797e+06
360.345 1.14836e+06
360.495 1.14874e+06
360.645 1.14874e+06
360.795 1.14874e+06
360.945 1.14874e+06
361.095 1.14874e+06
361.245 1.14874e+06
361.395 1.13883e+06
361.545 1.12893e+06
361.695 1.12893e+06
361.845 1.12893e+06
361.995 1.12893e+06
362.145 1.12893e+06
362.295 1.12893e+06
362.445 1.11817e+06
362.595 1.1074e+06
362.745 1.1074e+06
362.895 1.1074e+06
363.045 1.1074e+06
363.195 1.1074e+06
363.345 1.10382e+06
363.495 1.10023e+06
363.645 1.10023e+06
363.795 1.10023e+06
363.945 1.10023e+06
364.095 1.10023e+06
364.245 1.10023e+06
364.395 1.0908e+06
364.545 1.08137e+06
364.695 1.08137e+06
364.845 1.08137e+06
364.995 1.08137e+06
365.145 1.08137e+06
365.295 1.08137e+06
365.445 1.08439e+06
365.595 1.08742e+06
365.745 1.08742e+06
365.895 1.08742e+06
366.045 1.08742e+06
366.195 1.08742e+06
366.345 1.06616e+06
366.495 1.0449e+06
366.645 1.0449e+06
366.795 1.0449e+06
366.945 1.0449e+06
367.095 1.0449e+06
367.245 1.0449e+06
367.395 1.04725e+06
367.545 1.0496e+06
367.695 1.0496e+06
367.845 1.0496e+06
367.995 1.0496e+06
368.145 1.0496e+06
368.295 1.0496e+06
368.445 1.03719e+06
368.595 1.02478e+06
368.745 1.02478e+06
368.895 1.02478e+06
369.045 1.02478e+06
369.195 1.02478e+06
369.345 1.00695e+06
369.495 989121
369.645 989121
369.795 989121
369.945 989121
370.095 989121
370.245 989121
370.395 988463
370.545 987804
370.695 987804
370.845 987804
370.995 987804
371.145 987804
371.295 987804
371.445 986596
371.595 985388
371.745 985388
371.895 985388
372.045 985388
372.195 985388
372.345 994401
372.495 1.00341e+06
372.645 1.00341e+06
372.795 1.00341e+06
372.945 1.00341e+06
373.095 1.00341e+06
373.245 1.00341e+06
373.395 1.00789e+06
373.545 1.01237e+06
373.695 1.01237e+06
373.845 1.01237e+06
373.995 1.01237e+06
374.145 1.01237e+06
374.295 1.01237e+06
374.445 1.00888e+06
374.595 1.00539e+06
374.745 1.00539e+06
374.895 1.00539e+06
375.045 1.00539e+06
375.195 1.00539e+06
375.345 1.02173e+06
375.495 1.03808e+06
375.645 1.03808e+06
375.795 1.03808e+06
375.945 1.03808e+06
376.095 1.03808e+06
376.245 1.03808e+06
376.395 1.01757e+06
376.545 997061
376.695 997061
376.845 997061
376.995 997061
377.145 997061
377.295 997061
377.445 979896
377.595 962732
377.745 962732
377.895 962732
378.045 962732
378.195 962732
378.345 967379
378.495 972027
378.645 972027
378.795 972027
378.945 972027
379.095 972027
379.245 972027
379.395 987147
379.545 1.00227e+06
379.695 1.00227e+06
379.845 1.00227e+06
379.995 1.00227e+06
380.145 1.00227e+06
380.295 1.00227e+06
380.445 1.06431e+06
380.595 1.12636e+06
380.745 1.12636e+06
380.895 1.12636e+06
381.045 1.12636e+06
381.195 1.12636e+06
381.345 1.10836e+06
381.495 1.09035e+06
381.645 1.09035e+06
381.795 1.09035e+06
381.945 1.09035e+06
382.095 1.09035e+06
382.245 1.09035e+06
382.395 1.00656e+06
382.545 922774
382.695 922774
382.845 922774
382.995 922774
383.145 922774
383.295 922774
383.445 897898
383.595 873023
383.745 873023
383.895 873023
384.045 873023
384.195 873023
384.345 879235
384.495 885447
384.645 885447
384.795 885447
384.945 885447
385.095 885447
385.245 885447
385.395 867688
385.545 849930
385.695 849930
385.845 849930
385.995 849930
386.145 849930
386.295 849930
386.445 893910
386.595 937891
386.745 937891
386.895 937891
387.045 937891
387.195 937891
387.345 954438
387.495 970986
387.645 970986
387.795 970986
387.945 970986
388.095 970986
388.245 970986
388.395 973110
388.545 975234
388.695 975234
388.845 975234
388.995 975234
389.145 975234
389.295 975234
389.445 957540
389.595 939845
389.745 939845
389.895 939845
390.045 939845
390.195 939845
390.345 917245
390.495 894644
390.645 894644
390.795 894644
390.945 894644
391.095 894644
391.245 894644
391.395 883628
391.545 872612
391.695 872612
391.845 872612
391.995 872612
392.145 872612
392.295 872612
392.445 822955
392.595 773297
392.745 773297
392.895 773297
393.045 773297
393.195 773297
393.345 706541
393.495 639785
393.645 639785
393.795 639785
393.945 639785
394.095 639785
394.245 639785
394.395 649563
394.545 659342
394.695 659342
394.845 659342
394.995 659342
395.145 659342
395.295 659342
395.445 781000
395.595 902658
395.745 902658
395.895 902658
396.045 902658
396.195 902658
396.345 912301
396.495 921943
396.645 921943
396.795 921943
396.945 921943
397.095 921943
397.245 921943
397.395 947455
397.545 972967
397.695 972967
397.845 972967
397.995 972967
398.145 972967
398.295 972967
398.445 996493
398.595 1.02002e+06
398.745 1.02002e+06
398.895 1.02002e+06
399.045 1.02002e+06
399.195 1.02002e+06
399.345 961545
399.495 903071
399.645 903071
399.795 903071
399.945 903071
400.095 903071
400.245 903071
400.395 952322
400.545 1.00157e+06
400.695 1.00157e+06
400.845 1.00157e+06
400.995 1.00157e+06
401.145 1.00157e+06
401.295 1.00157e+06
401.445 941270
401.595 880966
401.745 880966
401.895 880966
402.045 880966
402.195 880966
402.345 891488
402.495 902010
402.645 902010
402.795 902010
402.945 902010
403.095 902010
403.245 902010
403.395 877019
403.545 852028
403.695 852028
403.845 852028
403.995 852028
404.145 852028
404.295 852028
404.445 915661
404.595 979294
404.745 979294
404.895 979294
405.045 979294
405.195 979294
405.345 903412
405.495 827530
405.645 827530
405.795 827530
405.945 827530
406.095 827530
406.245 827530
406.395 921755
406.545 1.01598e+06
406.695 1.01598e+06
406.845 1.01598e+06
406.995 1.01598e+06
407.145 1.01598e+06
407.295 1.01598e+06
407.445 981135
407.595 946289
407.745 946289
407.895 946289
408.045 946289
408.195 946289
408.345 905951
408.495 865614
408.645 865614
408.795 865614
408.945 865614
409.095 865614
409.245 865614
409.395 883852
409.545 902089
409.695 902089
409.845 902089
409.995 902089
410.145 902089
410.295 902089
410.445 894071
410.595 886053
410.745 886053
410.895 886053
411.045 886053
411.195 886053
411.345 923785
411.495 961516
411.645 961516
411.795 961516
411.945 961516
412.095 961516
412.245 961516
412.395 903944
412.545 846372
412.695 846372
412.845 846372
412.995 846372
413.145 846372
413.295 846372
413.445 840065
413.595 833757
413.745 833757
413.895 833757
414.045 833757
414.195 833757
414.345 847865
414.495 861973
414.645 861973
414.795 861973
414.945 861973
415.095 861973
415.245 861973
415.395 917918
415.545 973864
415.695 973864
415.845 973864
415.995 973864
416.145 973864
416.295 973864
416.445 927623
416.595 881381
416.745 881381
416.895 881381
417.045 881381
417.195 881381
417.345 866832
417.495 852283
417.645 852283
417.795 852283
417.945 852283
418.095 852283
418.245 852283
418.395 813844
418.545 775406
418.695 775406
418.845 775406
418.995 775406
419.145 775406
419.295 775406
419.445 828742
419.595 882077
419.745 882077
419.895 882077
420.045 882077
420.195 882077
420.345 921433
420.495 960788
420.645 960788
420.795 960788
420.945 960788
421.095 960788
421.245 960788
421.395 931344
421.545 901899
421.695 901899
421.845 901899
421.995 901899
422.145 901899
422.295 901899
422.445 858573
422.595 815247
422.745 815247
422.895 815247
423.045 815247
423.195 815247
423.345 812852
423.495 810458
423.645 810458
423.795 810458
423.945 810458
424.095 810458
424.245 810458
424.395 780848
424.545 751239
424.695 751239
424.845 751239
424.995 751239
425.145 751239
425.295 751239
425.445 795007
425.595 838776
425.745 838776
425.895 838776
426.045 838776
426.195 838776
426.345 827222
426.495 815669
426.645 815669
426.795 815669
426.945 815669
427.095 815669
427.245 815669
427.395 801950
427.545 788230
427.695 788230
427.845 788230
427.995 788230
428.145 788230
428.295 788230
428.445 804040
428.595 819850
428.745 819850
428.895 819850
429.045 819850
429.195 819850
429.345 821127
429.495 822405
429.645 822405
429.795 822405
429.945 822405
430.095 822405
430.245 822405
430.395 812070
430.545 801734
430.695 801734
430.845 801734
430.995 801734
431.145 801734
431.295 801734
431.445 766169
431.595 730603
431.745 730603
431.895 730603
432.045 730603
432.195 730603
432.345 816047
432.495 901491
432.645 901491
432.795 901491
432.945 901491
433.095 901491
433.245 901491
433.395 822318
433.545 743145
433.695 743145
433.845 743145
433.995 743145
434.145 743145
434.295 743145
434.445 747114
434.595 751082
434.745 751082
434.895 751082
435.045 751082
435.195 751082
435.345 809376
435.495 867671
435.645 867671
435.795 867671
435.945 867671
436.095 867671
436.245 867671
436.395 843131
436.545 818590
436.695 818590
436.845 818590
436.995 818590
437.145 818590
437.295 818590
437.445 764188
437.595 709786
437.745 709786
437.895 709786
438.045 709786
438.195 709786
438.345 738257
438.495 766728
438.645 766728
438.795 766728
438.945 766728
439.095 766728
439.245 766728
439.395 822551
439.545 878374
439.695 878374
439.845 878374
439.995 878374
440.145 878374
440.295 878374
440.445 837359
440.595 796343
440.745 796343
440.895 796343
441.045 796343
441.195 796343
441.345 804685
441.495 813028
441.645 813028
441.795 813028
441.945 813028
442.095 813028
442.245 813028
442.395 798326
442.545 783624
442.695 783624
442.845 783624
442.995 783624
443.145 783624
443.295 783624
443.445 762876
443.595 742129
443.745 742129
443.895 742129
444.045 742129
444.195 742129
444.345 747649
444.495 753170
444.645 753170
444.795 753170
444.945 753170
445.095 753170
445.245 753170
445.395 795592
445.545 838015
445.695 838015
445.845 838015
445.995 838015
446.145 838015
446.295 838015
446.445 801430
446.595 764845
446.745 764845
446.895 764845
447.045 764845
447.195 764845
447.345 754311
447.495 743777
447.645 743777
447.795 743777
447.945 743777
448.095 743777
448.245 743777
448.395 773164
448.545 802552
448.695 802552
448.845 802552
448.995 802552
449.145 802552
449.295 802552
449.445 779797
449.595 757041
449.745 757041
449.895 757041
450.045 757041
450.195 757041
450.345 749046
450.495 741051
450.645 741051
450.795 741051
450.945 741051
451.095 741051
451.245 741051
451.395 754350
451.545 767650
451.695 767650
451.845 767650
451.995 767650
452.145 767650
452.295 767650
452.445 747070
452.595 726490
452.745 726490
452.895 726490
453.045 726490
453.195 726490
453.345 726943
453.495 727395
453.645 727395
453.795 727395
453.945 727395
454.095 727395
454.245 727395
454.395 760585
454.545 793774
454.695 793774
454.845 793774
454.995 793774
455.145 793774
455.295 793774
455.445 749017
455.595 704260
455.745 704260
455.895 704260
456.045 704260
456.195 704260
456.345 725444
456.495 746627
456.645 746627
456.795 746627
456.945 746627
457.095 746627
457.245 746627
457.395 767759
457.545 788890
457.695 788890
457.845 788890
457.995 788890
458.145 788890
458.295 788890
458.445 731855
458.595 674820
458.745 674820
458.895 674820
459.045 674820
459.195 674820
459.345 715884
459.495 756948
459.645 756948
459.795 756948
459.945 756948
460.095 756948
460.245 756948
460.395 774031
460.545 791114
460.695 791114
460.845 791114
460.995 791114
461.145 791114
461.295 791114
461.445 787045
461.595 782975
461.745 782975
461.895 782975
462.045 782975
462.195 782975
462.345 765921
462.495 748867
462.645 748867
462.795 748867
462.945 748867
463.095 748867
463.245 748867
463.395 734797
463.545 720727
463.695 720727
463.845 720727
463.995 720727
464.145 720727
464.295 720727
464.445 750094
464.595 779462
464.745 779462
464.895 779462
465.045 779462
465.195 779462
465.345 792073
465.495 804684
465.645 804684
465.795 804684
465.945 804684
466.095 804684
466.245 804684
466.395 780979
466.545 757274
466.695 757274
466.845 757274
466.995 757274
467.145 757274
467.295 757274
467.445 685285
467.595 613296
467.745 613296
467.895 613296
468.045 613296
468.195 613296
468.345 647602
468.495 681908
468.645 681908
468.795 681908
468.945 681908
469.095 681908
469.245 681908
469.395 685060
469.545 688212
469.695 688212
469.845 688212
469.995 688212
470.145 688212
470.295 688212
470.445 642148
470.595 596084
470.745 596084
470.895 596084
471.045 596084
471.195 596084
471.345 640294
471.495 684505
471.645 684505
471.795 684505
471.945 684505
472.095 684505
472.245 684505
472.395 655998
472.545 627491
472.695 627491
472.845 627491
472.995 627491
473.145 627491
473.295 627491
473.445 650279
473.595 673068
473.745 673068
473.895 673068
474.045 673068
474.195 673068
474.345 660598
474.495 648128
474.645 648128
474.795 648128
474.945 648128
475.095 648128
475.245 648128
475.395 651705
475.545 655283
475.695 655283
475.845 655283
475.995 655283
476.145 655283
476.295 655283
476.445 650354
476.595 645425
476.745 645425
476.895 645425
477.045 645425
477.195 645425
477.345 650425
477.495 655425
477.645 655425
477.795 655425
477.945 655425
478.095 655425
478.245 655425
478.395 666334
478.545 677243
478.695 677243
478.845 677243
478.995 677243
479.145 677243
479.295 677243
479.445 658647
479.595 640050
479.745 640050
479.895 640050
480.045 640050
480.195 640050
480.345 670860
480.495 701670
480.645 701670
480.795 701670
480.945 701670
481.095 701670
481.245 701670
481.395 679454
481.545 657237
481.695 657237
481.845 657237
481.995 657237
482.145 657237
482.295 657237
482.445 671018
482.595 684800
482.745 684800
482.895 684800
483.045 684800
483.195 684800
483.345 690826
483.495 696852
483.645 696852
483.795 696852
483.945 696852
484.095 696852
484.245 696852
484.395 675638
484.545 654425
484.695 654425
484.845 654425
484.995 654425
485.145 654425
485.295 654425
485.445 667182
485.595 679939
485.745 679939
485.895 679939
486.045 679939
486.195 679939
486.345 685407
486.495 690874
486.645 690874
486.795 690874
486.945 690874
487.095 690874
487.245 690874
487.395 683985
487.545 677096
487.695 677096
487.845 677096
487.995 677096
488.145 677096
488.295 677096
488.445 679070
488.595 681044
488.745 681044
488.895 681044
489.045 681044
489.195 681044
489.345 667215
489.495 653386
489.645 653386
489.795 653386
489.945 653386
490.095 653386
490.245 653386
490.395 656277
490.545 659168
490.695 659168
490.845 659168
490.995 659168
491.145 659168
491.295 659168
491.445 632323
491.595 605477
491.745 605477
491.895 605477
492.045 605477
492.195 605477
492.345 629901
492.495 654325
492.645 654325
492.795 654325
492.945 654325
493.095 654325
493.245 654325
493.395 659053
493.545 663780
493.695 663780
493.845 663780
493.995 663780
494.145 663780
494.295 663780
494.445 678106
494.595 692433
494.745 692433
494.895 692433
495.045 692433
495.195 692433
495.345 660068
495.495 627704
495.645 627704
495.795 627704
495.945 627704
496.095 627704
496.245 627704
496.395 626300
496.545 624896
496.695 624896
496.845 624896
496.995 624896
497.145 624896
497.295 624896
497.445 616964
497.595 609032
497.745 609032
497.895 609032
498.045 609032
498.195 609032
498.345 619818
498.495 630604
498.645 630604
498.795 630604
498.945 630604
499.095 630604
499.245 630604
499.395 609396
499.545 588189
499.695 588189
499.845 588189
499.995 588189
500.145 588189
500.295 588189
500.445 595027
500.595 601865
500.745 601865
500.895 601865
501.045 601865
501.195 601865
501.345 598263
501.495 594662
501.645 594662
501.795 594662
501.945 594662
502.095 594662
502.245 594662
502.395 582954
502.545 571247
502.695 571247
502.845 571247
502.995 571247
503.145 571247
503.295 571247
503.445 583217
503.595 595187
503.745 595187
503.895 595187
504.045 595187
504.195 595187
504.345 589920
504.495 584654
504.645 584654
504.795 584654
504.945 584654
505.095 584654
505.245 584654
505.395 592934
505.545 601215
505.695 601215
505.845 601215
505.995 601215
506.145 601215
506.295 601215
506.445 608904
506.595 616593
506.745 616593
506.895 616593
507.045 616593
507.195 616593
507.345 612682
507.495 608771
507.645 608771
507.795 608771
507.945 608771
508.095 608771
508.245 608771
508.395 588686
508.545 568600
508.695 568600
508.845 568600
508.995 568600
509.145 568600
509.295 568600
509.445 573146
509.595 577691
509.745 577691
509.895 577691
510.045 577691
510.195 577691
510.345 570229
510.495 562766
510.645 562766
510.795 562766
510.945 562766
511.095 562766
511.245 562766
511.395 556338
511.545 549910
511.695 549910
511.845 549910
511.995 549910
512.145 549910
512.295 549910
512.445 548600
512.595 547291
512.745 547291
512.895 547291
513.045 547291
513.195 547291
513.345 552325
513.495 557360
513.645 557360
513.795 557360
513.945 557360
514.095 557360
514.245 557360
514.395 537613
514.545 517867
514.695 517867
514.845 517867
514.995 517867
515.145 517867
515.295 517867
515.445 529359
515.595 540852
515.745 540852
515.895 540852
516.045 540852
516.195 540852
516.345 538861
516.495 536869
516.645 536869
516.795 536869
516.945 536869
517.095 536869
517.245 536869
517.395 548564
517.545 560258
517.695 560258
517.845 560258
517.995 560258
518.145 560258
518.295 560258
518.445 539066
518.595 517873
518.745 517873
518.895 517873
519.045 517873
519.195 517873
519.345 530598
519.495 543322
519.645 543322
519.795 543322
519.945 543322
520.095 543322
520.245 543322
520.395 537958
520.545 532593
520.695 532593
520.845 532593
520.995 532593
521.145 532593
521.295 532593
521.445 552161
521.595 571729
521.745 571729
521.895 571729
522.045 571729
522.195 571729
522.345 569961
522.495 568194
522.645 568194
522.795 568194
522.945 568194
523.095 568194
523.245 568194
523.395 574075
523.545 579956
523.695 579956
523.845 579956
523.995 579956
524.145 579956
524.295 579956
524.445 573382
524.595 566808
524.745 566808
524.895 566808
525.045 566808
525.195 566808
525.345 564170
525.495 561533
525.645 561533
525.795 561533
525.945 561533
526.095 561533
526.245 561533
526.395 565952
526.545 570371
526.695 570371
526.845 570371
526.995 570371
527.145 570371
527.295 570371
527.445 553965
527.595 537560
527.745 537560
527.895 537560
528.045 537560
528.195 537560
528.345 543947
528.495 550335
528.645 550335
528.795 550335
528.945 550335
529.095 550335
529.245 550335
529.395 559034
529.545 567732
529.695 567732
529.845 567732
529.995 567732
530.145 567732
530.295 567732
530.445 567420
530.595 567108
530.745 567108
530.895 567108
531.045 567108
531.195 567108
531.345 553363
531.495 539619
531.645 539619
531.795 539619
531.945 539619
532.095 539619
532.245 539619
532.395 540923
532.545 542228
532.695 542228
532.845 542228
532.995 542228
533.145 542228
533.295 542228
533.445 535555
533.595 528881
533.745 528881
533.895 528881
534.045 528881
534.195 528881
534.345 521698
534.495 514516
534.645 514516
534.795 514516
534.945 514516
535.095 514516
535.245 514516
535.395 528508
535.545 542501
535.695 542501
535.845 542501
535.995 542501
536.145 542501
536.295 542501
536.445 536976
536.595 531452
536.745 531452
536.895 531452
537.045 531452
537.195 531452
537.345 532978
537.495 534504
537.645 534504
537.795 534504
537.945 534504
538.095 534504
538.245 534504
538.395 534529
538.545 534554
538.695 534554
538.845 534554
538.995 534554
539.145 534554
539.295 534554
539.445 526591
539.595 518627
539.745 518627
539.895 518627
540.045 518627
540.195 518627
540.345 517647
540.495 516667
540.645 516667
540.795 516667
540.945 516667
541.095 516667
541.245 516667
541.395 523199
541.545 529731
541.695 529731
541.845 529731
541.995 529731
542.145 529731
542.295 529731
542.445 514859
542.595 499987
542.745 499987
542.895 499987
543.045 499987
543.195 499987
543.345 494283
543.495 488579
543.645 488579
543.795 488579
543.945 488579
544.095 488579
544.245 488579
544.395 497967
544.545 507356
544.695 507356
544.845 507356
544.995 507356
545.145 507356
545.295 507356
545.445 509155
545.595 510954
545.745 510954
545.895 510954
546.045 510954
546.195 510954
546.345 511759
546.495 512564
546.645 512564
546.795 512564
546.945 512564
547.095 512564
547.245 512564
547.395 517037
547.545 521509
547.695 521509
547.845 521509
547.995 521509
548.145 521509
548.295 521509
548.445 515160
548.595 508811
548.745 508811
548.895 508811
549.045 508811
549.195 508811
549.345 506888
549.495 504966
549.645 504966
549.795 504966
549.945 504966
550.095 504966
550.245 504966
550.395 509125
550.545 513284
550.695 513284
550.845 513284
550.995 513284
551.145 513284
551.295 513284
551.445 509575
551.595 505867
551.745 505867
551.895 505867
552.045 505867
552.195 505867
552.345 500785
552.495 495703
552.645 495703
552.795 495703
552.945 495703
553.095 495703
553.245 495703
553.395 485620
553.545 475538
553.695 475538
553.845 475538
553.995 475538
554.145 475538
554.295 475538
554.445 455187
554.595 434837
554.745 434837
554.895 434837
555.045 434837
555.195 434837
555.345 447096
555.495 459355
555.645 459355
555.795 459355
555.945 459355
556.095 459355
556.245 459355
556.395 470104
556.545 480853
556.695 480853
556.845 480853
556.995 480853
557.145 480853
557.295 480853
557.445 507704
557.595 534554
557.745 534554
557.895 534554
558.045 534554
558.195 534554
558.345 551449
558.495 568345
558.645 568345
558.795 568345
558.945 568345
559.095 568345
559.245 568345
559.395 573533
559.545 578722
559.695 578722
559.845 578722
559.995 578722
560.145 578722
560.295 578722
560.445 556338
560.595 533955
560.745 533955
560.895 533955
561.045 533955
561.195 533955
561.345 524269
561.495 514584
561.645 514584
561.795 514584
561.945 514584
562.095 514584
562.245 514584
562.395 501761
562.545 488939
562.695 488939
562.845 488939
562.995 488939
563.145 488939
563.295 488939
563.445 488142
563.595 487345
563.745 487345
563.895 487345
564.045 487345
564.195 487345
564.345 496340
564.495 505334
564.645 505334
564.795 505334
564.945 505334
565.095 505334
565.245 505334
565.395 505394
565.545 505454
565.695 505454
565.845 505454
565.995 505454
566.145 505454
566.295 505454
566.445 486122
566.595 466789
566.745 466789
566.895 466789
567.045 466789
567.195 466789
567.345 465954
567.495 465119
567.645 465119
567.795 465119
567.945 465119
568.095 465119
568.245 465119
568.395 479306
568.545 493493
568.695 493493
568.845 493493
568.995 493493
569.145 493493
569.295 493493
569.445 481510
569.595 469528
569.745 469528
569.895 469528
570.045 469528
570.195 469528
570.345 467023
570.495 464519
570.645 464519
570.795 464519
570.945 464519
571.095 464519
571.245 464519
571.395 472845
571.545 481171
571.695 481171
571.845 481171
571.995 481171
572.145 481171
572.295 481171
572.445 481408
572.595 481646
572.745 481646
572.895 481646
573.045 481646
573.195 481646
573.345 479485
573.495 477323
573.645 477323
573.795 477323
573.945 477323
574.095 477323
574.245 477323
574.395 465865
574.545 454406
574.695 454406
574.845 454406
574.995 454406
575.145 454406
575.295 454406
575.445 461408
575.595 468410
575.745 468410
575.895 468410
576.045 468410
576.195 468410
576.345 458457
576.495 448504
576.645 448504
576.795 448504
576.945 448504
577.095 448504
577.245 448504
577.395 439499
577.545 430494
577.695 430494
577.845 430494
577.995 430494
578.145 430494
578.295 430494
578.445 441537
578.595 452580
578.745 452580
578.895 452580
579.045 452580
579.195 452580
579.345 466876
579.495 481171
579.645 481171
579.795 481171
579.945 481171
580.095 481171
580.245 481171
580.395 473632
580.545 466092
580.695 466092
580.845 466092
580.995 466092
581.145 466092
581.295 466092
581.445 459162
581.595 452231
581.745 452231
581.895 452231
582.045 452231
582.195 452231
582.345 459488
582.495 466746
582.645 466746
582.795 466746
582.945 466746
583.095 466746
583.245 466746
583.395 462021
583.545 457297
583.695 457297
583.845 457297
583.995 457297
584.145 457297
584.295 457297
584.445 457910
584.595 458523
584.745 458523
584.895 458523
585.045 458523
585.195 458523
585.345 468814
585.495 479104
585.645 479104
585.795 479104
585.945 479104
586.095 479104
586.245 479104
586.395 479318
586.545 479532
586.695 479532
586.845 479532
586.995 479532
587.145 479532
587.295 479532
587.445 479529
587.595 479526
587.745 479526
587.895 479526
588.045 479526
588.195 479526
588.345 480976
588.495 482427
588.645 482427
588.795 482427
588.945 482427
589.095 482427
589.245 482427
589.395 481055
589.545 479683
589.695 479683
589.845 479683
589.995 479683
590.145 479683
590.295 479683
590.445 469394
590.595 459104
590.745 459104
590.895 459104
591.045 459104
591.195 459104
591.345 455525
591.495 451946
591.645 451946
591.795 451946
591.945 451946
592.095 451946
592.245 451946
592.395 453154
592.545 454362
592.695 454362
592.845 454362
592.995 454362
593.145 454362
593.295 454362
593.445 467946
593.595 481529
593.745 481529
593.895 481529
594.045 481529
594.195 481529
594.345 481541
594.495 481553
594.645 481553
594.795 481553
594.945 481553
595.095 481553
595.245 481553
595.395 473542
595.545 465531
595.695 465531
595.845 465531
595.995 465531
596.145 465531
596.295 465531
596.445 461975
596.595 458419
596.745 458419
596.895 458419
597.045 458419
597.195 458419
597.345 470032
597.495 481645
597.645 481645
597.795 481645
597.945 481645
598.095 481645
598.245 481645
598.395 482671
598.545 483696
598.695 483696
598.845 483696
598.995 483696
599.145 483696
599.295 483696
599.445 477906
599.595 472117
599.745 472117
599.895 472117
600.045 472117
600.195 472117
600.345 464980
600.495 457843
600.645 457843
600.795 457843
600.945 457843
601.095 457843
601.245 457843
601.395 460493
601.545 463142
601.695 463142
601.845 463142
601.995 463142
602.145 463142
602.295 463142
602.445 464975
602.595 466808
602.745 466808
602.895 466808
603.045 466808
603.195 466808
603.345 448470
603.495 430131
603.645 430131
603.795 430131
603.945 430131
604.095 430131
604.245 430131
604.395 422388
604.545 414645
604.695 414645
604.845 414645
604.995 414645
605.145 414645
605.295 414645
605.445 427099
605.595 439553
605.745 439553
605.895 439553
606.045 439553
606.195 439553
606.345 438116
606.495 436680
606.645 436680
606.795 436680
606.945 436680
607.095 436680
607.245 436680
607.395 443696
607.545 450713
607.695 450713
607.845 450713
607.995 450713
608.145 450713
608.295 450713
608.445 443930
608.595 437147
608.745 437147
608.895 437147
609.045 437147
609.195 437147
609.345 433783
609.495 430418
609.645 430418
609.795 430418
609.945 430418
610.095 430418
610.245 430418
610.395 429111
610.545 427804
610.695 427804
610.845 427804
610.995 427804
611.145 427804
611.295 427804
611.445 434319
611.595 440833
611.745 440833