# lam(nm) Flux (erg/s/cm2/Ang)
3.1220e+02 5.2646e-16
3.2500e+02 5.3257e-16
3.3980e+02 5.1716e-16
3.5610e+02 5.0037e-16
3.7350e+02 5.5816e-16
3.9320e+02 1.1382e-15
4.1450e+02 1.2272e-15
4.3880e+02 1.0520e-15
4.6640e+02 9.0508e-16
4.9680e+02 7.6015e-16
5.3100e+02 6.1549e-16
5.5600e+02 5.5064e-16
5.5050e+02 5.5806e-16
5.6800e+02 5.0896e-16
5.8590e+02 4.7144e-16
6.0770e+02 4.1655e-16
6.2950e+02 3.7119e-16
6.5380e+02 3.0518e-16
6.8210e+02 2.9882e-16
7.1120e+02 2.6383e-16
7.4260e+02 2.3401e-16
7.7760e+02 1.9344e-16
8.1580e+02 1.6592e-16
8.6020e+02 1.3655e-16
9.0430e+02 1.4045e-16
9.5730e+02 1.1185e-16
1.0016e+03 9.0637e-17
1.0058e+03 8.2588e-17
1.0460e+03 8.4705e-17
1.0896e+03 7.2545e-17
1.1370e+03 6.5945e-17
1.1886e+03 5.6397e-17
1.2452e+03 4.7827e-17
1.3075e+03 4.0083e-17
1.3763e+03 3.3415e-17
1.4528e+03 2.7546e-17
1.5382e+03 2.2577e-17
1.6344e+03 1.8442e-17
1.7433e+03 1.4657e-17
1.8679e+03 1.1152e-17
2.0115e+03 8.7777e-18
2.1792e+03 6.4259e-18
2.3773e+03 4.5926e-18
