# lam(nm) Flux (erg/s/cm2/Ang)
3.1220e+02 6.0846e-16
3.2500e+02 6.1552e-16
3.3980e+02 5.9771e-16
3.5610e+02 5.7831e-16
3.7350e+02 6.4511e-16
3.9320e+02 1.3155e-15
4.1450e+02 1.4184e-15
4.3880e+02 1.2159e-15
4.6640e+02 1.0461e-15
4.9680e+02 8.7855e-16
5.3100e+02 7.1136e-16
5.5600e+02 6.3641e-16
5.5050e+02 6.4499e-16
5.6800e+02 5.8824e-16
5.8590e+02 5.4488e-16
6.0770e+02 4.8143e-16
6.2950e+02 4.2901e-16
6.5380e+02 3.5272e-16
6.8210e+02 3.4536e-16
7.1120e+02 3.0493e-16
7.4260e+02 2.7046e-16
7.7760e+02 2.2357e-16
8.1580e+02 1.9176e-16
8.6020e+02 1.5782e-16
9.0430e+02 1.6232e-16
9.5730e+02 1.2927e-16
1.0016e+03 1.0476e-16
1.0058e+03 9.5452e-17
1.0460e+03 9.7899e-17
1.0896e+03 8.3845e-17
1.1370e+03 7.6217e-17
1.1886e+03 6.5182e-17
1.2452e+03 5.5277e-17
1.3075e+03 4.6326e-17
1.3763e+03 3.8620e-17
1.4528e+03 3.1836e-17
1.5382e+03 2.6093e-17
1.6344e+03 2.1314e-17
1.7433e+03 1.6941e-17
1.8679e+03 1.2890e-17
2.0115e+03 1.0145e-17
2.1792e+03 7.4268e-18
2.3773e+03 5.3080e-18
