# lam(nm) Flux (phot/s/cm2/Ang)
465 1.18643e-05
465.125 1.18675e-05
465.25 1.20251e-05
465.375 1.21829e-05
465.5 1.21861e-05
465.625 1.21894e-05
465.75 1.24646e-05
465.875 1.27399e-05
466 1.27434e-05
466.125 1.27468e-05
466.25 1.25103e-05
466.375 1.22738e-05
466.5 1.22771e-05
466.625 1.22804e-05
466.75 1.21994e-05
466.875 1.21185e-05
467 1.21217e-05
467.125 1.2125e-05
467.25 1.20535e-05
467.375 1.19821e-05
467.5 1.19853e-05
467.625 1.19885e-05
467.75 1.19079e-05
467.875 1.18272e-05
468 1.18304e-05
468.125 1.18335e-05
468.25 1.17788e-05
468.375 1.1724e-05
468.5 1.17272e-05
468.625 1.17303e-05
468.75 1.17649e-05
468.875 1.17996e-05
469 1.18028e-05
469.125 1.18059e-05
469.25 1.19084e-05
469.375 1.20108e-05
469.5 1.2014e-05
469.625 1.20172e-05
469.75 1.19672e-05
469.875 1.1917e-05
470 1.19202e-05
470.125 1.19234e-05
470.25 1.18987e-05
470.375 1.1874e-05
470.5 1.18772e-05
470.625 1.18803e-05
470.75 1.18626e-05
470.875 1.18448e-05
471 1.18479e-05
471.125 1.18511e-05
471.25 1.20116e-05
471.375 1.21722e-05
471.5 1.21754e-05
471.625 1.21786e-05
471.75 1.23767e-05
471.875 1.25749e-05
472 1.25782e-05
472.125 1.25815e-05
472.25 1.25875e-05
472.375 1.25935e-05
472.5 1.25968e-05
472.625 1.26001e-05
472.75 1.25319e-05
472.875 1.24636e-05
473 1.24669e-05
473.125 1.24702e-05
473.25 1.24883e-05
473.375 1.25065e-05
473.5 1.25098e-05
473.625 1.25131e-05
473.75 1.25309e-05
473.875 1.25487e-05
474 1.2552e-05
474.125 1.25553e-05
474.25 1.24576e-05
474.375 1.23599e-05
474.5 1.23632e-05
474.625 1.23664e-05
474.75 1.26397e-05
474.875 1.29131e-05
475 1.29165e-05
475.125 1.29199e-05
475.25 1.2691e-05
475.375 1.2462e-05
475.5 1.24652e-05
475.625 1.24685e-05
475.75 1.23116e-05
475.875 1.21546e-05
476 1.21578e-05
476.125 1.2161e-05
476.25 1.21243e-05
476.375 1.20876e-05
476.5 1.20908e-05
476.625 1.2094e-05
476.75 1.21974e-05
476.875 1.23008e-05
477 1.23041e-05
477.125 1.23073e-05
477.25 1.24456e-05
477.375 1.25839e-05
477.5 1.25872e-05
477.625 1.25905e-05
477.75 1.26154e-05
477.875 1.26403e-05
478 1.26436e-05
478.125 1.26469e-05
478.25 1.26302e-05
478.375 1.26135e-05
478.5 1.26168e-05
478.625 1.26201e-05
478.75 1.27114e-05
478.875 1.28028e-05
479 1.28061e-05
479.125 1.28095e-05
479.25 1.28695e-05
479.375 1.29296e-05
479.5 1.2933e-05
479.625 1.29364e-05
479.75 1.30018e-05
479.875 1.30672e-05
480 1.30706e-05
480.125 1.3074e-05
480.25 1.30871e-05
480.375 1.31001e-05
480.5 1.31035e-05
480.625 1.31069e-05
480.75 1.31101e-05
480.875 1.31133e-05
481 1.31167e-05
481.125 1.31201e-05
481.25 1.31621e-05
481.375 1.32041e-05
481.5 1.32075e-05
481.625 1.3211e-05
481.75 1.32467e-05
481.875 1.32824e-05
482 1.32859e-05
482.125 1.32893e-05
482.25 1.31542e-05
482.375 1.30191e-05
482.5 1.30224e-05
482.625 1.30258e-05
482.75 1.29064e-05
482.875 1.2787e-05
483 1.27903e-05
483.125 1.27936e-05
483.25 1.27688e-05
483.375 1.27439e-05
483.5 1.27472e-05
483.625 1.27505e-05
483.75 1.28032e-05
483.875 1.28558e-05
484 1.28592e-05
484.125 1.28625e-05
484.25 1.28884e-05
484.375 1.29143e-05
484.5 1.29177e-05
484.625 1.2921e-05
484.75 1.28855e-05
484.875 1.285e-05
485 1.28533e-05
485.125 1.28566e-05
485.25 1.27268e-05
485.375 1.25969e-05
485.5 1.26001e-05
485.625 1.26034e-05
485.75 1.22573e-05
485.875 1.19111e-05
486 1.19142e-05
486.125 1.19173e-05
486.25 1.19738e-05
486.375 1.20303e-05
486.5 1.20334e-05
486.625 1.20365e-05
486.75 1.17594e-05
486.875 1.14822e-05
487 1.14851e-05
487.125 1.1488e-05
487.25 1.14634e-05
487.375 1.14387e-05
487.5 1.14416e-05
487.625 1.14446e-05
487.75 1.15059e-05
487.875 1.15672e-05
488 1.15701e-05
488.125 1.15731e-05
488.25 1.15919e-05
488.375 1.16107e-05
488.5 1.16137e-05
488.625 1.16167e-05
488.75 1.1653e-05
488.875 1.16894e-05
489 1.16923e-05
489.125 1.16953e-05
489.25 1.19306e-05
489.375 1.2166e-05
489.5 1.21691e-05
489.625 1.21722e-05
489.75 1.25657e-05
489.875 1.29595e-05
490 1.29628e-05
490.125 1.29661e-05
490.25 1.31049e-05
490.375 1.32437e-05
490.5 1.32471e-05
490.625 1.32504e-05
490.75 1.32204e-05
490.875 1.31903e-05
491 1.31936e-05
491.125 1.3197e-05
491.25 1.31754e-05
491.375 1.31538e-05
491.5 1.31571e-05
491.625 1.31605e-05
491.75 1.30629e-05
491.875 1.29653e-05
492 1.29686e-05
492.125 1.29719e-05
492.25 1.26977e-05
492.375 1.24233e-05
492.5 1.24265e-05
492.625 1.24296e-05
492.75 1.25334e-05
492.875 1.26372e-05
493 1.26404e-05
493.125 1.26436e-05
493.25 1.25881e-05
493.375 1.25327e-05
493.5 1.25358e-05
493.625 1.2539e-05
493.75 1.26211e-05
493.875 1.27033e-05
494 1.27065e-05
494.125 1.27097e-05
494.25 1.28569e-05
494.375 1.30042e-05
494.5 1.30075e-05
494.625 1.30108e-05
494.75 1.3173e-05
494.875 1.33353e-05
495 1.33387e-05
495.125 1.33421e-05
495.25 1.33856e-05
495.375 1.34291e-05
495.5 1.34325e-05
495.625 1.34359e-05
495.75 1.31614e-05
495.875 1.28868e-05
496 1.289e-05
496.125 1.28933e-05
496.25 1.28125e-05
496.375 1.27317e-05
496.5 1.27349e-05
496.625 1.27381e-05
496.75 1.27439e-05
496.875 1.27497e-05
497 1.27529e-05
497.125 1.27561e-05
497.25 1.27446e-05
497.375 1.2733e-05
497.5 1.27362e-05
497.625 1.27394e-05
497.75 1.25887e-05
497.875 1.24379e-05
498 1.2441e-05
498.125 1.24442e-05
498.25 1.23048e-05
498.375 1.21653e-05
498.5 1.21684e-05
498.625 1.21714e-05
498.75 1.23394e-05
498.875 1.25075e-05
499 1.25106e-05
499.125 1.25138e-05
499.25 1.26053e-05
499.375 1.26968e-05
499.5 1.27e-05
499.625 1.27032e-05
499.75 1.27602e-05
499.875 1.28172e-05
500 1.28204e-05
500.125 1.28236e-05
500.25 1.28451e-05
500.375 1.28667e-05
500.5 1.28699e-05
500.625 1.28731e-05
500.75 1.28454e-05
500.875 1.28176e-05
501 1.28208e-05
501.125 1.2824e-05
501.25 1.27336e-05
501.375 1.26432e-05
501.5 1.26463e-05
501.625 1.26495e-05
501.75 1.25272e-05
501.875 1.24048e-05
502 1.24079e-05
502.125 1.2411e-05
502.25 1.25069e-05
502.375 1.26029e-05
502.5 1.2606e-05
502.625 1.26092e-05
502.75 1.28145e-05
502.875 1.30199e-05
503 1.30231e-05
503.125 1.30264e-05
503.25 1.30127e-05
503.375 1.2999e-05
503.5 1.30022e-05
503.625 1.30054e-05
503.75 1.29135e-05
503.875 1.28215e-05
504 1.28247e-05
504.125 1.28279e-05
504.25 1.28164e-05
504.375 1.28049e-05
504.5 1.28081e-05
504.625 1.28113e-05
504.75 1.29377e-05
504.875 1.30642e-05
505 1.30674e-05
505.125 1.30707e-05
505.25 1.30139e-05
505.375 1.29572e-05
505.5 1.29604e-05
505.625 1.29636e-05
505.75 1.31199e-05
505.875 1.32763e-05
506 1.32796e-05
506.125 1.32829e-05
506.25 1.34403e-05
506.375 1.35978e-05
506.5 1.36012e-05
506.625 1.36046e-05
506.75 1.36199e-05
506.875 1.36352e-05
507 1.36386e-05
507.125 1.3642e-05
507.25 1.34536e-05
507.375 1.32652e-05
507.5 1.32685e-05
507.625 1.32717e-05
507.75 1.29394e-05
507.875 1.26069e-05
508 1.261e-05
508.125 1.26131e-05
508.25 1.28345e-05
508.375 1.30561e-05
508.5 1.30593e-05
508.625 1.30625e-05
508.75 1.31507e-05
508.875 1.32389e-05
509 1.32422e-05
509.125 1.32454e-05
509.25 1.32709e-05
509.375 1.32964e-05
509.5 1.32996e-05
509.625 1.33029e-05
509.75 1.32648e-05
509.875 1.32266e-05
510 1.32298e-05
510.125 1.32331e-05
510.25 1.3163e-05
510.375 1.30929e-05
510.5 1.30961e-05
510.625 1.30993e-05
510.75 1.32625e-05
510.875 1.34258e-05
511 1.34291e-05
511.125 1.34323e-05
511.25 1.35021e-05
511.375 1.35718e-05
511.5 1.35751e-05
511.625 1.35784e-05
511.75 1.35809e-05
511.875 1.35834e-05
512 1.35867e-05
512.125 1.359e-05
512.25 1.34241e-05
512.375 1.3258e-05
512.5 1.32613e-05
512.625 1.32645e-05
512.75 1.30777e-05
512.875 1.28909e-05
513 1.2894e-05
513.125 1.28972e-05
513.25 1.31314e-05
513.375 1.33657e-05
513.5 1.33689e-05
513.625 1.33722e-05
513.75 1.31827e-05
513.875 1.2993e-05
514 1.29962e-05
514.125 1.29994e-05
514.25 1.3035e-05
514.375 1.30707e-05
514.5 1.30739e-05
514.625 1.30771e-05
514.75 1.31276e-05
514.875 1.31782e-05
515 1.31814e-05
515.125 1.31846e-05
515.25 1.31467e-05
515.375 1.31087e-05
515.5 1.31119e-05
515.625 1.31151e-05
515.75 1.29785e-05
515.875 1.28419e-05
516 1.2845e-05
516.125 1.28481e-05
516.25 1.28084e-05
516.375 1.27687e-05
516.5 1.27718e-05
516.625 1.27749e-05
516.75 1.21997e-05
516.875 1.16242e-05
517 1.1627e-05
517.125 1.16299e-05
517.25 1.15016e-05
517.375 1.13732e-05
517.5 1.1376e-05
517.625 1.13787e-05
517.75 1.15902e-05
517.875 1.18019e-05
518 1.18047e-05
518.125 1.18076e-05
518.25 1.1991e-05
518.375 1.21746e-05
518.5 1.21776e-05
518.625 1.21805e-05
518.75 1.22567e-05
518.875 1.2333e-05
519 1.2336e-05
519.125 1.2339e-05
519.25 1.26332e-05
519.375 1.29275e-05
519.5 1.29306e-05
519.625 1.29337e-05
519.75 1.32166e-05
519.875 1.34996e-05
520 1.35028e-05
520.125 1.35061e-05
520.25 1.36095e-05
520.375 1.37129e-05
520.5 1.37162e-05
520.625 1.37194e-05
520.75 1.35832e-05
520.875 1.3447e-05
521 1.34502e-05
521.125 1.34534e-05
521.25 1.3311e-05
521.375 1.31685e-05
521.5 1.31717e-05
521.625 1.31748e-05
521.75 1.33292e-05
521.875 1.34837e-05
522 1.34869e-05
522.125 1.34901e-05
522.25 1.33799e-05
522.375 1.32696e-05
522.5 1.32728e-05
522.625 1.3276e-05
522.75 1.32498e-05
522.875 1.32237e-05
523 1.32269e-05
523.125 1.323e-05
523.25 1.35323e-05
523.375 1.38347e-05
523.5 1.3838e-05
523.625 1.38413e-05
523.75 1.39736e-05
523.875 1.41059e-05
524 1.41093e-05
524.125 1.41127e-05
524.25 1.42024e-05
524.375 1.42923e-05
524.5 1.42957e-05
524.625 1.42991e-05
524.75 1.41964e-05
524.875 1.40936e-05
525 1.4097e-05
525.125 1.41004e-05
525.25 1.39787e-05
525.375 1.38569e-05
525.5 1.38602e-05
525.625 1.38635e-05
525.75 1.38331e-05
525.875 1.38028e-05
526 1.38061e-05
526.125 1.38094e-05
526.25 1.34299e-05
526.375 1.30503e-05
526.5 1.30534e-05
526.625 1.30565e-05
526.75 1.27333e-05
526.875 1.24099e-05
527 1.24129e-05
527.125 1.24158e-05
527.25 1.26629e-05
527.375 1.29102e-05
527.5 1.29133e-05
527.625 1.29163e-05
527.75 1.33992e-05
527.875 1.38823e-05
528 1.38856e-05
528.125 1.38889e-05
528.25 1.41059e-05
528.375 1.4323e-05
528.5 1.43263e-05
528.625 1.43297e-05
528.75 1.45635e-05
528.875 1.47975e-05
529 1.4801e-05
529.125 1.48045e-05
529.25 1.47715e-05
529.375 1.47385e-05
529.5 1.4742e-05
529.625 1.47454e-05
529.75 1.46868e-05
529.875 1.46282e-05
530 1.46317e-05
530.125 1.46351e-05
530.25 1.46762e-05
530.375 1.47173e-05
530.5 1.47208e-05
530.625 1.47243e-05
530.75 1.49474e-05
530.875 1.51706e-05
531 1.51742e-05
531.125 1.51777e-05
531.25 1.50179e-05
531.375 1.48581e-05
531.5 1.48616e-05
531.625 1.48651e-05
531.75 1.48204e-05
531.875 1.47758e-05
532 1.47793e-05
532.125 1.47827e-05
532.25 1.46714e-05
532.375 1.45599e-05
532.5 1.45633e-05
532.625 1.45668e-05
532.75 1.43729e-05
532.875 1.41789e-05
533 1.41822e-05
533.125 1.41855e-05
533.25 1.42355e-05
533.375 1.42855e-05
533.5 1.42888e-05
533.625 1.42922e-05
533.75 1.43066e-05
533.875 1.4321e-05
534 1.43244e-05
534.125 1.43277e-05
534.25 1.43721e-05
534.375 1.44165e-05
534.5 1.44199e-05
534.625 1.44232e-05
534.75 1.45542e-05
534.875 1.46851e-05
535 1.46886e-05
535.125 1.4692e-05
535.25 1.49382e-05
535.375 1.51846e-05
535.5 1.51881e-05
535.625 1.51917e-05
535.75 1.52429e-05
535.875 1.52941e-05
536 1.52976e-05
536.125 1.53012e-05
536.25 1.51752e-05
536.375 1.5049e-05
536.5 1.50525e-05
536.625 1.5056e-05
536.75 1.49105e-05
536.875 1.47648e-05
537 1.47683e-05
537.125 1.47717e-05
537.25 1.46846e-05
537.375 1.45974e-05
537.5 1.46008e-05
537.625 1.46042e-05
537.75 1.46156e-05
537.875 1.4627e-05
538 1.46304e-05
538.125 1.46338e-05
538.25 1.4923e-05
538.375 1.52124e-05
538.5 1.52159e-05
538.625 1.52194e-05
538.75 1.51741e-05
538.875 1.51288e-05
539 1.51323e-05
539.125 1.51358e-05
539.25 1.49796e-05
539.375 1.48233e-05
539.5 1.48268e-05
539.625 1.48302e-05
539.75 1.48761e-05
539.875 1.49221e-05
540 1.49255e-05
540.125 1.4929e-05
540.25 1.49495e-05
540.375 1.49699e-05
540.5 1.49734e-05
540.625 1.49769e-05
540.75 1.50258e-05
540.875 1.50747e-05
541 1.50782e-05
541.125 1.50817e-05
541.25 1.51011e-05
541.375 1.51205e-05
541.5 1.5124e-05
541.625 1.51275e-05
541.75 1.51113e-05
541.875 1.50952e-05
542 1.50986e-05
542.125 1.51021e-05
542.25 1.51465e-05
542.375 1.5191e-05
542.5 1.51945e-05
542.625 1.5198e-05
542.75 1.5231e-05
542.875 1.5264e-05
543 1.52675e-05
543.125 1.5271e-05
543.25 1.51816e-05
543.375 1.50921e-05
543.5 1.50956e-05
543.625 1.50991e-05
543.75 1.50527e-05
543.875 1.50064e-05
544 1.50098e-05
544.125 1.50133e-05
544.25 1.53676e-05
544.375 1.57221e-05
544.5 1.57257e-05
544.625 1.57293e-05
544.75 1.56819e-05
544.875 1.56345e-05
545 1.56381e-05
545.125 1.56417e-05
545.25 1.55807e-05
545.375 1.55198e-05
545.5 1.55233e-05
545.625 1.55269e-05
545.75 1.54693e-05
545.875 1.54117e-05
546 1.54152e-05
546.125 1.54188e-05
546.25 1.53613e-05
546.375 1.53037e-05
546.5 1.53072e-05
546.625 1.53107e-05
546.75 1.52572e-05
546.875 1.52038e-05
547 1.52072e-05
547.125 1.52107e-05
547.25 1.51767e-05
547.375 1.51428e-05
547.5 1.51462e-05
547.625 1.51497e-05
547.75 1.50652e-05
547.875 1.49808e-05
548 1.49842e-05
548.125 1.49876e-05
548.25 1.48443e-05
548.375 1.47009e-05
548.5 1.47043e-05
548.625 1.47076e-05
548.75 1.47744e-05
548.875 1.48411e-05
549 1.48445e-05
549.125 1.48479e-05
549.25 1.5077e-05
549.375 1.53062e-05
549.5 1.53097e-05
549.625 1.53132e-05
549.75 1.54199e-05
549.875 1.55266e-05
550 1.55301e-05
550.125 1.55337e-05
550.25 1.54502e-05
550.375 1.53667e-05
550.5 1.53702e-05
550.625 1.53737e-05
550.75 1.52772e-05
550.875 1.51806e-05
551 1.51841e-05
551.125 1.51875e-05
551.25 1.51981e-05
551.375 1.52087e-05
551.5 1.52122e-05
551.625 1.52156e-05
551.75 1.52495e-05
551.875 1.52833e-05
552 1.52868e-05
552.125 1.52902e-05
552.25 1.5269e-05
552.375 1.52478e-05
552.5 1.52512e-05
552.625 1.52547e-05
552.75 1.49925e-05
552.875 1.47302e-05
553 1.47335e-05
553.125 1.47368e-05
553.25 1.4883e-05
553.375 1.50292e-05
553.5 1.50326e-05
553.625 1.5036e-05
553.75 1.52983e-05
553.875 1.55607e-05
554 1.55642e-05
554.125 1.55677e-05
554.25 1.57813e-05
554.375 1.59949e-05
554.5 1.59985e-05
554.625 1.60021e-05
554.75 1.58725e-05
554.875 1.57429e-05
555 1.57464e-05
555.125 1.575e-05
555.25 1.56334e-05
555.375 1.55167e-05
555.5 1.55202e-05
555.625 1.55237e-05
555.75 1.5434e-05
555.875 1.53443e-05
556 1.53477e-05
556.125 1.53512e-05
556.25 1.5349e-05
556.375 1.53468e-05
556.5 1.53502e-05
556.625 1.53537e-05
556.75 1.5584e-05
556.875 1.58145e-05
557 1.5818e-05
557.125 1.58216e-05
557.25 1.57996e-05
557.375 1.57777e-05
557.5 1.57813e-05
557.625 1.57848e-05
557.75 1.56301e-05
557.875 1.54752e-05
558 1.54787e-05
558.125 1.54822e-05
558.25 1.52844e-05
558.375 1.50866e-05
558.5 1.509e-05
558.625 1.50933e-05
558.75 1.50315e-05
558.875 1.49697e-05
559 1.4973e-05
559.125 1.49764e-05
559.25 1.49894e-05
559.375 1.50024e-05
559.5 1.50058e-05
559.625 1.50091e-05
559.75 1.50301e-05
559.875 1.50511e-05
560 1.50544e-05
560.125 1.50578e-05
560.25 1.51313e-05
560.375 1.52048e-05
560.5 1.52082e-05
560.625 1.52116e-05
560.75 1.55015e-05
560.875 1.57915e-05
561 1.5795e-05
561.125 1.57985e-05
561.25 1.60049e-05
561.375 1.62113e-05
561.5 1.62149e-05
561.625 1.62185e-05
561.75 1.62931e-05
561.875 1.63677e-05
562 1.63714e-05
562.125 1.6375e-05
562.25 1.63055e-05
562.375 1.6236e-05
562.5 1.62396e-05
562.625 1.62432e-05
562.75 1.60116e-05
562.875 1.57798e-05
563 1.57833e-05
563.125 1.57868e-05
563.25 1.58096e-05
563.375 1.58324e-05
563.5 1.58359e-05
563.625 1.58394e-05
563.75 1.58018e-05
563.875 1.57641e-05
564 1.57676e-05
564.125 1.57711e-05
564.25 1.56336e-05
564.375 1.54962e-05
564.5 1.54996e-05
564.625 1.5503e-05
564.75 1.56018e-05
564.875 1.57006e-05
565 1.5704e-05
565.125 1.57075e-05
565.25 1.57125e-05
565.375 1.57175e-05
565.5 1.57209e-05
565.625 1.57244e-05
565.75 1.56285e-05
565.875 1.55326e-05
566 1.5536e-05
566.125 1.55394e-05
566.25 1.53693e-05
566.375 1.51991e-05
566.5 1.52024e-05
566.625 1.52058e-05
566.75 1.55191e-05
566.875 1.58326e-05
567 1.5836e-05
567.125 1.58395e-05
567.25 1.59231e-05
567.375 1.60067e-05
567.5 1.60103e-05
567.625 1.60138e-05
567.75 1.60736e-05
567.875 1.61334e-05
568 1.61369e-05
568.125 1.61405e-05
568.25 1.63469e-05
568.375 1.65533e-05
568.5 1.6557e-05
568.625 1.65606e-05
568.75 1.6707e-05
568.875 1.68535e-05
569 1.68572e-05
569.125 1.68609e-05
569.25 1.68099e-05
569.375 1.67588e-05
569.5 1.67625e-05
569.625 1.67661e-05
569.75 1.658e-05
569.875 1.63938e-05
570 1.63974e-05
570.125 1.6401e-05
570.25 1.61757e-05
570.375 1.59504e-05
570.5 1.59539e-05
570.625 1.59574e-05
570.75 1.58463e-05
570.875 1.57352e-05
571 1.57387e-05
571.125 1.57421e-05
571.25 1.58563e-05
571.375 1.59705e-05
571.5 1.5974e-05
571.625 1.59775e-05
571.75 1.62743e-05
571.875 1.65713e-05
572 1.65749e-05
572.125 1.65785e-05
572.25 1.68079e-05
572.375 1.70373e-05
572.5 1.70411e-05
572.625 1.70448e-05
572.75 1.71281e-05
572.875 1.72115e-05
573 1.72153e-05
573.125 1.7219e-05
573.25 1.72843e-05
573.375 1.73495e-05
573.5 1.73533e-05
573.625 1.73571e-05
573.75 1.74398e-05
573.875 1.75225e-05
574 1.75263e-05
574.125 1.75301e-05
574.25 1.71604e-05
574.375 1.67904e-05
574.5 1.67941e-05
574.625 1.67977e-05
574.75 1.67775e-05
574.875 1.67572e-05
575 1.67608e-05
575.125 1.67645e-05
575.25 1.68253e-05
575.375 1.68862e-05
575.5 1.68899e-05
575.625 1.68935e-05
575.75 1.67004e-05
575.875 1.65073e-05
576 1.65108e-05
576.125 1.65144e-05
576.25 1.65599e-05
576.375 1.66055e-05
576.5 1.66091e-05
576.625 1.66127e-05
576.75 1.67664e-05
576.875 1.69201e-05
577 1.69238e-05
577.125 1.69275e-05
577.25 1.71203e-05
577.375 1.73132e-05
577.5 1.73169e-05
577.625 1.73207e-05
577.75 1.72908e-05
577.875 1.7261e-05
578 1.72647e-05
578.125 1.72684e-05
578.25 1.71797e-05
578.375 1.70909e-05
578.5 1.70946e-05
578.625 1.70983e-05
578.75 1.70311e-05
578.875 1.69639e-05
579 1.69676e-05
579.125 1.69712e-05
579.25 1.69726e-05
579.375 1.69741e-05
579.5 1.69777e-05
579.625 1.69814e-05
579.75 1.715e-05
579.875 1.73187e-05
580 1.73224e-05
580.125 1.73261e-05
580.25 1.7237e-05
580.375 1.71478e-05
580.5 1.71515e-05
580.625 1.71552e-05
580.75 1.69444e-05
580.875 1.67335e-05
581 1.67371e-05
581.125 1.67407e-05
581.25 1.67437e-05
581.375 1.67467e-05
581.5 1.67503e-05
581.625 1.67539e-05
581.75 1.67912e-05
581.875 1.68284e-05
582 1.6832e-05
582.125 1.68357e-05
582.25 1.69723e-05
582.375 1.71089e-05
582.5 1.71126e-05
582.625 1.71163e-05
582.75 1.73777e-05
582.875 1.76393e-05
583 1.7643e-05
583.125 1.76468e-05
583.25 1.78232e-05
583.375 1.79997e-05
583.5 1.80036e-05
583.625 1.80074e-05
583.75 1.78573e-05
583.875 1.7707e-05
584 1.77108e-05
584.125 1.77146e-05
584.25 1.7481e-05
584.375 1.72472e-05
584.5 1.72509e-05
584.625 1.72546e-05
584.75 1.73978e-05
584.875 1.75412e-05
585 1.75449e-05
585.125 1.75487e-05
585.25 1.76404e-05
585.375 1.77322e-05
585.5 1.7736e-05
585.625 1.77398e-05
585.75 1.77743e-05
585.875 1.78087e-05
586 1.78125e-05
586.125 1.78163e-05
586.25 1.7788e-05
586.375 1.77597e-05
586.5 1.77634e-05
586.625 1.77672e-05
586.75 1.77446e-05
586.875 1.77219e-05
587 1.77257e-05
587.125 1.77295e-05
587.25 1.76763e-05
587.375 1.76231e-05
587.5 1.76268e-05
587.625 1.76306e-05
587.75 1.75559e-05
587.875 1.74813e-05
588 1.7485e-05
588.125 1.74887e-05
588.25 1.74047e-05
588.375 1.73206e-05
588.5 1.73243e-05
588.625 1.7328e-05
588.75 1.65679e-05
588.875 1.58075e-05
589 1.58108e-05
589.125 1.58142e-05
589.25 1.52202e-05
589.375 1.4626e-05
589.5 1.46291e-05
589.625 1.46322e-05
589.75 1.45623e-05
589.875 1.44923e-05
590 1.44954e-05
590.125 1.44985e-05
590.25 1.51108e-05
590.375 1.57233e-05
590.5 1.57266e-05
590.625 1.573e-05
590.75 1.60232e-05
590.875 1.63166e-05
591 1.632e-05
591.125 1.63235e-05
591.25 1.63604e-05
591.375 1.63973e-05
591.5 1.64008e-05
591.625 1.64043e-05
591.75 1.64572e-05
591.875 1.65101e-05
592 1.65136e-05
592.125 1.65171e-05
592.25 1.63697e-05
592.375 1.62223e-05
592.5 1.62257e-05
592.625 1.62292e-05
592.75 1.61465e-05
592.875 1.60638e-05
593 1.60672e-05
593.125 1.60706e-05
593.25 1.62937e-05
593.375 1.65169e-05
593.5 1.65204e-05
593.625 1.65239e-05
593.75 1.67671e-05
593.875 1.70103e-05
594 1.70139e-05
594.125 1.70175e-05
594.25 1.71156e-05
594.375 1.72137e-05
594.5 1.72173e-05
594.625 1.72209e-05
594.75 1.7149e-05
594.875 1.7077e-05
595 1.70806e-05
595.125 1.70842e-05
595.25 1.69494e-05
595.375 1.68146e-05
595.5 1.68181e-05
595.625 1.68216e-05
595.75 1.69543e-05
595.875 1.70871e-05
596 1.70907e-05
596.125 1.70943e-05
596.25 1.73145e-05
596.375 1.75348e-05
596.5 1.75384e-05
596.625 1.75421e-05
596.75 1.74355e-05
596.875 1.73289e-05
597 1.73326e-05
597.125 1.73362e-05
597.25 1.72078e-05
597.375 1.70794e-05
597.5 1.7083e-05
597.625 1.70865e-05
597.75 1.68812e-05
597.875 1.66758e-05
598 1.66792e-05
598.125 1.66827e-05
598.25 1.63355e-05
598.375 1.59882e-05
598.5 1.59915e-05
598.625 1.59949e-05
598.75 1.62649e-05
598.875 1.6535e-05
599 1.65385e-05
599.125 1.65419e-05
599.25 1.66445e-05
599.375 1.67471e-05
599.5 1.67506e-05
599.625 1.67541e-05
599.75 1.65911e-05
599.875 1.64281e-05
600 1.64315e-05
600.125 1.64349e-05
600.25 1.65574e-05
600.375 1.668e-05
600.5 1.66835e-05
600.625 1.6687e-05
600.75 1.65272e-05
600.875 1.63674e-05
601 1.63708e-05
601.125 1.63742e-05
601.25 1.61063e-05
601.375 1.58384e-05
601.5 1.58417e-05
601.625 1.5845e-05
601.75 1.60728e-05
601.875 1.63006e-05
602 1.6304e-05
602.125 1.63074e-05
602.25 1.64645e-05
602.375 1.66216e-05
602.5 1.6625e-05
602.625 1.66285e-05
602.75 1.66885e-05
602.875 1.67485e-05
603 1.6752e-05
603.125 1.67555e-05
603.25 1.66278e-05
603.375 1.65002e-05
603.5 1.65036e-05
603.625 1.6507e-05
603.75 1.66356e-05
603.875 1.67643e-05
604 1.67678e-05
604.125 1.67712e-05
604.25 1.69129e-05
604.375 1.70545e-05
604.5 1.70581e-05
604.625 1.70616e-05
604.75 1.71325e-05
604.875 1.72033e-05
605 1.72069e-05
605.125 1.72104e-05
605.25 1.74454e-05
605.375 1.76805e-05
605.5 1.76841e-05
605.625 1.76878e-05
605.75 1.77296e-05
605.875 1.77715e-05
606 1.77752e-05
606.125 1.77788e-05
606.25 1.75943e-05
606.375 1.74096e-05
606.5 1.74132e-05
606.625 1.74168e-05
606.75 1.72013e-05
606.875 1.69858e-05
607 1.69893e-05
607.125 1.69928e-05
607.25 1.69613e-05
607.375 1.69297e-05
607.5 1.69332e-05
607.625 1.69367e-05
607.75 1.70007e-05
607.875 1.70647e-05
608 1.70682e-05
608.125 1.70717e-05
608.25 1.68219e-05
608.375 1.6572e-05
608.5 1.65754e-05
608.625 1.65788e-05
608.75 1.67872e-05
608.875 1.69958e-05
609 1.69993e-05
609.125 1.70027e-05
609.25 1.7268e-05
609.375 1.75334e-05
609.5 1.7537e-05
609.625 1.75406e-05
609.75 1.70975e-05
609.875 1.66542e-05
610 1.66576e-05
610.125 1.6661e-05
610.25 1.68003e-05
610.375 1.69397e-05
610.5 1.69431e-05
610.625 1.69466e-05
610.75 1.72289e-05
610.875 1.75113e-05
611 1.75149e-05
611.125 1.75185e-05
611.25 1.76461e-05
611.375 1.77738e-05
611.5 1.77774e-05
611.625 1.7781e-05
611.75 1.77687e-05
611.875 1.77564e-05
612 1.776e-05
612.125 1.77636e-05
612.25 1.7688e-05
612.375 1.76124e-05
612.5 1.7616e-05
612.625 1.76196e-05
612.75 1.74851e-05
612.875 1.73506e-05
613 1.73541e-05
613.125 1.73577e-05
613.25 1.71931e-05
613.375 1.70286e-05
613.5 1.7032e-05
613.625 1.70355e-05
613.75 1.69912e-05
613.875 1.69469e-05
614 1.69504e-05
614.125 1.69538e-05
614.25 1.7086e-05
614.375 1.72182e-05
614.5 1.72217e-05
614.625 1.72252e-05
614.75 1.70076e-05
614.875 1.679e-05
615 1.67934e-05
615.125 1.67968e-05
615.25 1.66713e-05
615.375 1.65457e-05
615.5 1.65491e-05
615.625 1.65524e-05
615.75 1.65552e-05
615.875 1.6558e-05
616 1.65613e-05
616.125 1.65647e-05
616.25 1.63331e-05
616.375 1.61015e-05
616.5 1.61048e-05
616.625 1.6108e-05
616.75 1.58771e-05
616.875 1.56461e-05
617 1.56492e-05
617.125 1.56524e-05
617.25 1.54564e-05
617.375 1.52604e-05
617.5 1.52634e-05
617.625 1.52665e-05
617.75 1.58427e-05
617.875 1.64191e-05
618 1.64224e-05
618.125 1.64258e-05
618.25 1.67033e-05
618.375 1.69809e-05
618.5 1.69843e-05
618.625 1.69878e-05
618.75 1.70421e-05
618.875 1.70965e-05
619 1.71e-05
619.125 1.71034e-05
619.25 1.72698e-05
619.375 1.74362e-05
619.5 1.74397e-05
619.625 1.74432e-05
619.75 1.75194e-05
619.875 1.75956e-05
620 1.75991e-05
620.125 1.76027e-05
620.25 1.75734e-05
620.375 1.75442e-05
620.5 1.75478e-05
620.625 1.75513e-05
620.75 1.71697e-05
620.875 1.67879e-05
621 1.67912e-05
621.125 1.67946e-05
621.25 1.66702e-05
621.375 1.65457e-05
621.5 1.6549e-05
621.625 1.65524e-05
621.75 1.65762e-05
621.875 1.66001e-05
622 1.66035e-05
622.125 1.66068e-05
622.25 1.65935e-05
622.375 1.65803e-05
622.5 1.65836e-05
622.625 1.65869e-05
622.75 1.65781e-05
622.875 1.65692e-05
623 1.65726e-05
623.125 1.65759e-05
623.25 1.65665e-05
623.375 1.6557e-05
623.5 1.65604e-05
623.625 1.65637e-05
623.75 1.65378e-05
623.875 1.65118e-05
624 1.65151e-05
624.125 1.65184e-05
624.25 1.65208e-05
624.375 1.65232e-05
624.5 1.65265e-05
624.625 1.65298e-05
624.75 1.65804e-05
624.875 1.6631e-05
625 1.66343e-05
625.125 1.66376e-05
625.25 1.68594e-05
625.375 1.70813e-05
625.5 1.70847e-05
625.625 1.70882e-05
625.75 1.71895e-05
625.875 1.7291e-05
626 1.72944e-05
626.125 1.72979e-05
626.25 1.73537e-05
626.375 1.74096e-05
626.5 1.74131e-05
626.625 1.74165e-05
626.75 1.75455e-05
626.875 1.76745e-05
627 1.7678e-05
627.125 1.76816e-05
627.25 1.78081e-05
627.375 1.79347e-05
627.5 1.79382e-05
627.625 1.79418e-05
627.75 1.80365e-05
627.875 1.81312e-05
628 1.81348e-05
628.125 1.81384e-05
628.25 1.80758e-05
628.375 1.80132e-05
628.5 1.80168e-05
628.625 1.80203e-05
628.75 1.81153e-05
628.875 1.82104e-05
629 1.8214e-05
629.125 1.82176e-05
629.25 1.83637e-05
629.375 1.85099e-05
629.5 1.85136e-05
629.625 1.85172e-05
629.75 1.84922e-05
629.875 1.84671e-05
630 1.84707e-05
630.125 1.84744e-05
630.25 1.84004e-05
630.375 1.83264e-05
630.5 1.83301e-05
630.625 1.83337e-05
630.75 1.8234e-05
630.875 1.81343e-05
631 1.81379e-05
631.125 1.81415e-05
631.25 1.80505e-05
631.375 1.79594e-05
631.5 1.7963e-05
631.625 1.79665e-05
631.75 1.80068e-05
631.875 1.80471e-05
632 1.80507e-05
632.125 1.80543e-05
632.25 1.81668e-05
632.375 1.82793e-05
632.5 1.82829e-05
632.625 1.82865e-05
632.75 1.83331e-05
632.875 1.83797e-05
633 1.83833e-05
633.125 1.83869e-05
633.25 1.83062e-05
633.375 1.82253e-05
633.5 1.82289e-05
633.625 1.82325e-05
633.75 1.80806e-05
633.875 1.79285e-05
634 1.79321e-05
634.125 1.79356e-05
634.25 1.79887e-05
634.375 1.80418e-05
634.5 1.80454e-05
634.625 1.80489e-05
634.75 1.81007e-05
634.875 1.81524e-05
635 1.8156e-05
635.125 1.81596e-05
635.25 1.82094e-05
635.375 1.82591e-05
635.5 1.82627e-05
635.625 1.82663e-05
635.75 1.82903e-05
635.875 1.83143e-05
636 1.83179e-05
636.125 1.83215e-05
636.25 1.83629e-05
636.375 1.84042e-05
636.5 1.84078e-05
636.625 1.84114e-05
636.75 1.84693e-05
636.875 1.85272e-05
637 1.85308e-05
637.125 1.85345e-05
637.25 1.87219e-05
637.375 1.89095e-05
637.5 1.89132e-05
637.625 1.89169e-05
637.75 1.90403e-05
637.875 1.91638e-05
638 1.91675e-05
638.125 1.91713e-05
638.25 1.92175e-05
638.375 1.92637e-05
638.5 1.92675e-05
638.625 1.92713e-05
638.75 1.91288e-05
638.875 1.89863e-05
639 1.899e-05
639.125 1.89937e-05
639.25 1.89206e-05
639.375 1.88473e-05
639.5 1.8851e-05
639.625 1.88547e-05
639.75 1.89051e-05
639.875 1.89555e-05
640 1.89592e-05
640.125 1.89629e-05
640.25 1.89348e-05
640.375 1.89067e-05
640.5 1.89103e-05
640.625 1.8914e-05
640.75 1.88629e-05
640.875 1.88117e-05
641 1.88154e-05
641.125 1.8819e-05
641.25 1.87456e-05
641.375 1.86721e-05
641.5 1.86757e-05
641.625 1.86794e-05
641.75 1.87068e-05
641.875 1.87342e-05
642 1.87378e-05
642.125 1.87415e-05
642.25 1.87643e-05
642.375 1.87872e-05
642.5 1.87909e-05
642.625 1.87945e-05
642.75 1.87341e-05
642.875 1.86736e-05
643 1.86772e-05
643.125 1.86809e-05
643.25 1.87534e-05
643.375 1.88261e-05
643.5 1.88297e-05
643.625 1.88334e-05
643.75 1.89396e-05
643.875 1.90459e-05
644 1.90496e-05
644.125 1.90533e-05
644.25 1.90829e-05
644.375 1.91126e-05
644.5 1.91164e-05
644.625 1.91201e-05
644.75 1.90743e-05
644.875 1.90286e-05
645 1.90323e-05
645.125 1.9036e-05
645.25 1.89716e-05
645.375 1.89071e-05
645.5 1.89108e-05
645.625 1.89145e-05
645.75 1.90793e-05
645.875 1.92442e-05
646 1.9248e-05
646.125 1.92517e-05
646.25 1.92011e-05
646.375 1.91504e-05
646.5 1.91541e-05
646.625 1.91578e-05
646.75 1.89294e-05
646.875 1.87009e-05
647 1.87045e-05
647.125 1.87081e-05
647.25 1.888e-05
647.375 1.90519e-05
647.5 1.90556e-05
647.625 1.90593e-05
647.75 1.9119e-05
647.875 1.91788e-05
648 1.91825e-05
648.125 1.91862e-05
648.25 1.91077e-05
648.375 1.90292e-05
648.5 1.90329e-05
648.625 1.90366e-05
648.75 1.88734e-05
648.875 1.87102e-05
649 1.87138e-05
649.125 1.87174e-05
649.25 1.85916e-05
649.375 1.84657e-05
649.5 1.84692e-05
649.625 1.84728e-05
649.75 1.84374e-05
649.875 1.8402e-05
650 1.84056e-05
650.125 1.84091e-05
650.25 1.85474e-05
650.375 1.86857e-05
650.5 1.86893e-05
650.625 1.86929e-05
650.75 1.88528e-05
650.875 1.90129e-05
651 1.90165e-05
651.125 1.90202e-05
651.25 1.90939e-05
651.375 1.91677e-05
651.5 1.91714e-05
651.625 1.91751e-05
651.75 1.92071e-05
651.875 1.92391e-05
652 1.92428e-05
652.125 1.92465e-05
652.25 1.92656e-05
652.375 1.92847e-05
652.5 1.92884e-05
652.625 1.92921e-05
652.75 1.93765e-05
652.875 1.94609e-05
653 1.94646e-05
653.125 1.94684e-05
653.25 1.95776e-05
653.375 1.96869e-05
653.5 1.96906e-05
653.625 1.96944e-05
653.75 1.98245e-05
653.875 1.99547e-05
654 1.99585e-05
654.125 1.99623e-05
654.25 2.00321e-05
654.375 2.0102e-05
654.5 2.01058e-05
654.625 2.01096e-05
654.75 2.01228e-05
654.875 2.0136e-05
655 2.01399e-05
655.125 2.01437e-05
655.25 2.00775e-05
655.375 2.00113e-05
655.5 2.00151e-05
655.625 2.00189e-05
655.75 2.07036e-05
655.875 2.13885e-05
656 2.13926e-05
656.125 2.13967e-05
656.25 2.18079e-05
656.375 2.22192e-05
656.5 2.22235e-05
656.625 2.22277e-05
656.75 2.15184e-05
656.875 2.08088e-05
657 2.08128e-05
657.125 2.08167e-05
657.25 2.0646e-05
657.375 2.04752e-05
657.5 2.0479e-05
657.625 2.04829e-05
657.75 2.05969e-05
657.875 2.07109e-05
658 2.07148e-05
658.125 2.07188e-05
658.25 2.12006e-05
658.375 2.16827e-05
658.5 2.16868e-05
658.625 2.16909e-05
658.75 2.13665e-05
658.875 2.10419e-05
659 2.10459e-05
659.125 2.10499e-05
659.25 2.00547e-05
659.375 1.90591e-05
659.5 1.90627e-05
659.625 1.90664e-05
659.75 1.89572e-05
659.875 1.8848e-05
660 1.88515e-05
660.125 1.88551e-05
660.25 1.88605e-05
660.375 1.8866e-05
660.5 1.88695e-05
660.625 1.88731e-05
660.75 1.90127e-05
660.875 1.91524e-05
661 1.9156e-05
661.125 1.91597e-05
661.25 1.92814e-05
661.375 1.94031e-05
661.5 1.94068e-05
661.625 1.94104e-05
661.75 1.94504e-05
661.875 1.94903e-05
662 1.9494e-05
662.125 1.94977e-05
662.25 1.92639e-05
662.375 1.90299e-05
662.5 1.90335e-05
662.625 1.90371e-05
662.75 1.89347e-05
662.875 1.88323e-05
663 1.88358e-05
663.125 1.88394e-05
663.25 1.8818e-05
663.375 1.87966e-05
663.5 1.88002e-05
663.625 1.88037e-05
663.75 1.88911e-05
663.875 1.89785e-05
664 1.89821e-05
664.125 1.89857e-05
664.25 1.90337e-05
664.375 1.90817e-05
664.5 1.90853e-05
664.625 1.90889e-05
664.75 1.909e-05
664.875 1.90911e-05
665 1.90947e-05
665.125 1.90983e-05
665.25 1.91082e-05
665.375 1.91182e-05
665.5 1.91218e-05
665.625 1.91254e-05
665.75 1.91177e-05
665.875 1.911e-05
666 1.91136e-05
666.125 1.91172e-05
666.25 1.90583e-05
666.375 1.89994e-05
666.5 1.90029e-05
666.625 1.90065e-05
666.75 1.9057e-05
666.875 1.91075e-05
667 1.9111e-05
667.125 1.91146e-05
667.25 1.91976e-05
667.375 1.92806e-05
667.5 1.92843e-05
667.625 1.92879e-05
667.75 1.91341e-05
667.875 1.89803e-05
668 1.89838e-05
668.125 1.89874e-05
668.25 1.89544e-05
668.375 1.89214e-05
668.5 1.8925e-05
668.625 1.89285e-05
668.75 1.90278e-05
668.875 1.91271e-05
669 1.91307e-05
669.125 1.91343e-05
669.25 1.90975e-05
669.375 1.90607e-05
669.5 1.90642e-05
669.625 1.90678e-05
669.75 1.90445e-05
669.875 1.90212e-05
670 1.90248e-05
670.125 1.90283e-05
670.25 1.90921e-05
670.375 1.91559e-05
670.5 1.91595e-05
670.625 1.91631e-05
670.75 1.93741e-05
670.875 1.95853e-05
671 1.95889e-05
671.125 1.95926e-05
671.25 1.98579e-05
671.375 2.01232e-05
671.5 2.0127e-05
671.625 2.01307e-05
671.75 2.01061e-05
671.875 2.00814e-05
672 2.00852e-05
672.125 2.00889e-05
672.25 2.01434e-05
672.375 2.01979e-05
672.5 2.02017e-05
672.625 2.02054e-05
672.75 2.03561e-05
672.875 2.05068e-05
673 2.05106e-05
673.125 2.05144e-05
673.25 2.03202e-05
673.375 2.01258e-05
673.5 2.01296e-05
673.625 2.01333e-05
673.75 1.99064e-05
673.875 1.96793e-05
674 1.9683e-05
674.125 1.96866e-05
674.25 1.95709e-05
674.375 1.94552e-05
674.5 1.94588e-05
674.625 1.94624e-05
674.75 1.93041e-05
674.875 1.91457e-05
675 1.91493e-05
675.125 1.91528e-05
675.25 1.89677e-05
675.375 1.87824e-05
675.5 1.87859e-05
675.625 1.87894e-05
675.75 1.88916e-05
675.875 1.89938e-05
676 1.89973e-05
676.125 1.90008e-05
676.25 1.90633e-05
676.375 1.91257e-05
676.5 1.91293e-05
676.625 1.91328e-05
676.75 1.91276e-05
676.875 1.91223e-05
677 1.91258e-05
677.125 1.91294e-05
677.25 1.91652e-05
677.375 1.92011e-05
677.5 1.92046e-05
677.625 1.92082e-05
677.75 1.92595e-05
677.875 1.93108e-05
678 1.93144e-05
678.125 1.9318e-05
678.25 1.93837e-05
678.375 1.94494e-05
678.5 1.9453e-05
678.625 1.94566e-05
678.75 1.94553e-05
678.875 1.9454e-05
679 1.94575e-05
679.125 1.94611e-05
679.25 1.93952e-05
679.375 1.93292e-05
679.5 1.93328e-05
679.625 1.93363e-05
679.75 1.93798e-05
679.875 1.94233e-05
680 1.94268e-05
680.125 1.94304e-05
680.25 1.94815e-05
680.375 1.95326e-05
680.5 1.95362e-05
680.625 1.95398e-05
680.75 1.95706e-05
680.875 1.96015e-05
681 1.9605e-05
681.125 1.96086e-05
681.25 1.96609e-05
681.375 1.97131e-05
681.5 1.97167e-05
681.625 1.97203e-05
681.75 1.97854e-05
681.875 1.98505e-05
682 1.98541e-05
682.125 1.98578e-05
682.25 1.96982e-05
682.375 1.95386e-05
682.5 1.95422e-05
682.625 1.95458e-05
682.75 1.94485e-05
682.875 1.93513e-05
683 1.93548e-05
683.125 1.93583e-05
683.25 1.93769e-05
683.375 1.93954e-05
683.5 1.93989e-05
683.625 1.94025e-05
683.75 1.93511e-05
683.875 1.92996e-05
684 1.93032e-05
684.125 1.93067e-05
684.25 1.92354e-05
684.375 1.91642e-05
684.5 1.91677e-05
684.625 1.91712e-05
684.75 1.91795e-05
684.875 1.91879e-05
685 1.91914e-05
685.125 1.91949e-05
685.25 1.92047e-05
685.375 1.92144e-05
685.5 1.92179e-05
685.625 1.92215e-05
685.75 1.92331e-05
685.875 1.92447e-05
686 1.92482e-05
686.125 1.92517e-05
686.25 1.92947e-05
686.375 1.93378e-05
686.5 1.93413e-05
686.625 1.93448e-05
686.75 1.9397e-05
686.875 1.94492e-05
687 1.94527e-05
687.125 1.94562e-05
687.25 1.95151e-05
687.375 1.9574e-05
687.5 1.95776e-05
687.625 1.95812e-05
687.75 1.96014e-05
687.875 1.96217e-05
688 1.96253e-05
688.125 1.96288e-05
688.25 1.96119e-05
688.375 1.9595e-05
688.5 1.95986e-05
688.625 1.96022e-05
688.75 1.97351e-05
688.875 1.9868e-05
689 1.98716e-05
689.125 1.98752e-05
689.25 2.00137e-05
689.375 2.01522e-05
689.5 2.01559e-05
689.625 2.01595e-05
689.75 2.02296e-05
689.875 2.02998e-05
690 2.03034e-05
690.125 2.03071e-05
690.25 2.04138e-05
690.375 2.05206e-05
690.5 2.05243e-05
690.625 2.0528e-05
690.75 2.06635e-05
690.875 2.07991e-05
691 2.08029e-05
691.125 2.08067e-05
691.25 2.06748e-05
691.375 2.0543e-05
691.5 2.05467e-05
691.625 2.05504e-05
691.75 2.04146e-05
691.875 2.02788e-05
692 2.02825e-05
692.125 2.02862e-05
692.25 2.02225e-05
692.375 2.01588e-05
692.5 2.01625e-05
692.625 2.01661e-05
692.75 2.01456e-05
692.875 2.0125e-05
693 2.01287e-05
693.125 2.01323e-05
693.25 2.01416e-05
693.375 2.01509e-05
693.5 2.01545e-05
693.625 2.01582e-05
693.75 2.02338e-05
693.875 2.03095e-05
694 2.03132e-05
694.125 2.03169e-05
694.25 2.03587e-05
694.375 2.04006e-05
694.5 2.04043e-05
694.625 2.04079e-05
694.75 2.03449e-05
694.875 2.02818e-05
695 2.02855e-05
695.125 2.02891e-05
695.25 2.03334e-05
695.375 2.03777e-05
695.5 2.03814e-05
695.625 2.03851e-05
695.75 2.04993e-05
695.875 2.06135e-05
696 2.06172e-05
696.125 2.06209e-05
696.25 2.06596e-05
696.375 2.06983e-05
696.5 2.07021e-05
696.625 2.07058e-05
696.75 2.06988e-05
696.875 2.06919e-05
697 2.06956e-05
697.125 2.06993e-05
697.25 2.0583e-05
697.375 2.04666e-05
697.5 2.04702e-05
697.625 2.04739e-05
697.75 2.04317e-05
697.875 2.03894e-05
698 2.0393e-05
698.125 2.03967e-05
698.25 2.04035e-05
698.375 2.04103e-05
698.5 2.04139e-05
698.625 2.04176e-05
698.75 2.05044e-05
698.875 2.05914e-05
699 2.0595e-05
699.125 2.05987e-05
699.25 2.06406e-05
699.375 2.06825e-05
699.5 2.06862e-05
699.625 2.06899e-05
699.75 2.05838e-05
699.875 2.04776e-05
700 2.04812e-05
700.125 2.04849e-05
700.25 2.04781e-05
700.375 2.04712e-05
700.5 2.04749e-05
700.625 2.04785e-05
700.75 2.05436e-05
700.875 2.06088e-05
701 2.06124e-05
701.125 2.06161e-05
701.25 2.05645e-05
701.375 2.05129e-05
701.5 2.05165e-05
701.625 2.05202e-05
701.75 2.04807e-05
701.875 2.04412e-05
702 2.04448e-05
702.125 2.04484e-05
702.25 2.04956e-05
702.375 2.05429e-05
702.5 2.05465e-05
702.625 2.05502e-05
702.75 2.05674e-05
702.875 2.05846e-05
703 2.05883e-05
703.125 2.05919e-05
703.25 2.05836e-05
703.375 2.05753e-05
703.5 2.0579e-05
703.625 2.05826e-05
703.75 2.07657e-05
703.875 2.09489e-05
704 2.09526e-05
704.125 2.09564e-05
704.25 2.11054e-05
704.375 2.12546e-05
704.5 2.12583e-05
704.625 2.12621e-05
704.75 2.10878e-05
704.875 2.09134e-05
705 2.09171e-05
705.125 2.09209e-05
705.25 2.07167e-05
705.375 2.05124e-05
705.5 2.05161e-05
705.625 2.05197e-05
705.75 2.02834e-05
705.875 2.0047e-05
706 2.00506e-05
706.125 2.00541e-05
706.25 1.9943e-05
706.375 1.98319e-05
706.5 1.98354e-05
706.625 1.98389e-05
706.75 1.97764e-05
706.875 1.9714e-05
707 1.97174e-05
707.125 1.97209e-05
707.25 1.98013e-05
707.375 1.98816e-05
707.5 1.98851e-05
707.625 1.98886e-05
707.75 1.98835e-05
707.875 1.98784e-05
708 1.98819e-05
708.125 1.98854e-05
708.25 1.97552e-05
708.375 1.9625e-05
708.5 1.96284e-05
708.625 1.96319e-05
708.75 1.95376e-05
708.875 1.94432e-05
709 1.94467e-05
709.125 1.94501e-05
709.25 1.93711e-05
709.375 1.9292e-05
709.5 1.92954e-05
709.625 1.92988e-05
709.75 1.92641e-05
709.875 1.92294e-05
710 1.92328e-05
710.125 1.92362e-05
710.25 1.92368e-05
710.375 1.92374e-05
710.5 1.92408e-05
710.625 1.92441e-05
710.75 1.93231e-05
710.875 1.9402e-05
711 1.94054e-05
711.125 1.94088e-05
711.25 1.94496e-05
711.375 1.94903e-05
711.5 1.94938e-05
711.625 1.94972e-05
711.75 1.95134e-05
711.875 1.95295e-05
712 1.9533e-05
712.125 1.95364e-05
712.25 1.93616e-05
712.375 1.91868e-05
712.5 1.91902e-05
712.625 1.91936e-05
712.75 1.90457e-05
712.875 1.88979e-05
713 1.89012e-05
713.125 1.89045e-05
713.25 1.89475e-05
713.375 1.89905e-05
713.5 1.89938e-05
713.625 1.89971e-05
713.75 1.90091e-05
713.875 1.9021e-05
714 1.90244e-05
714.125 1.90277e-05
714.25 1.90073e-05
714.375 1.89869e-05
714.5 1.89903e-05
714.625 1.89936e-05
714.75 1.91289e-05
714.875 1.92644e-05
715 1.92677e-05
715.125 1.92711e-05
715.25 1.94376e-05
715.375 1.96041e-05
715.5 1.96075e-05
715.625 1.96109e-05
715.75 1.95937e-05
715.875 1.95766e-05
716 1.958e-05
716.125 1.95834e-05
716.25 1.95434e-05
716.375 1.95035e-05
716.5 1.95069e-05
716.625 1.95103e-05
716.75 1.94285e-05
716.875 1.93466e-05
717 1.935e-05
717.125 1.93533e-05
717.25 1.93927e-05
717.375 1.9432e-05
717.5 1.94354e-05
717.625 1.94388e-05
717.75 1.95474e-05
717.875 1.96561e-05
718 1.96595e-05
718.125 1.9663e-05
718.25 1.94293e-05
718.375 1.91956e-05
718.5 1.91989e-05
718.625 1.92023e-05
718.75 1.90234e-05
718.875 1.88446e-05
719 1.88478e-05
719.125 1.88511e-05
719.25 1.9024e-05
719.375 1.9197e-05
719.5 1.92003e-05
719.625 1.92037e-05
719.75 1.93508e-05
719.875 1.9498e-05
720 1.95014e-05
720.125 1.95048e-05
720.25 1.96234e-05
720.375 1.9742e-05
720.5 1.97455e-05
720.625 1.97489e-05
720.75 1.96261e-05
720.875 1.95032e-05
721 1.95066e-05
721.125 1.95099e-05
721.25 1.93143e-05
721.375 1.91186e-05
721.5 1.91219e-05
721.625 1.91252e-05
721.75 1.92931e-05
721.875 1.9461e-05
722 1.94644e-05
722.125 1.94677e-05
722.25 1.96183e-05
722.375 1.97689e-05
722.5 1.97723e-05
722.625 1.97757e-05
722.75 1.98845e-05
722.875 1.99932e-05
723 1.99967e-05
723.125 2.00001e-05
723.25 2.00233e-05
723.375 2.00465e-05
723.5 2.005e-05
723.625 2.00535e-05
723.75 2.001e-05
723.875 1.99665e-05
724 1.997e-05
724.125 1.99734e-05
724.25 1.99766e-05
724.375 1.99798e-05
724.5 1.99833e-05
724.625 1.99867e-05
724.75 2.0001e-05
724.875 2.00153e-05
725 2.00187e-05
725.125 2.00222e-05
725.25 2.00504e-05
725.375 2.00787e-05
725.5 2.00822e-05
725.625 2.00856e-05
725.75 2.01414e-05
725.875 2.01972e-05
726 2.02007e-05
726.125 2.02042e-05
726.25 2.03096e-05
726.375 2.04152e-05
726.5 2.04187e-05
726.625 2.04222e-05
726.75 2.04895e-05
726.875 2.05568e-05
727 2.05603e-05
727.125 2.05638e-05
727.25 2.06074e-05
727.375 2.0651e-05
727.5 2.06545e-05
727.625 2.06581e-05
727.75 2.04716e-05
727.875 2.02851e-05
728 2.02886e-05
728.125 2.02921e-05
728.25 2.01166e-05
728.375 1.99411e-05
728.5 1.99445e-05
728.625 1.99479e-05
728.75 2.00569e-05
728.875 2.0166e-05
729 2.01694e-05
729.125 2.01729e-05
729.25 2.02769e-05
729.375 2.0381e-05
729.5 2.03845e-05
729.625 2.0388e-05
729.75 2.04842e-05
729.875 2.05804e-05
730 2.05839e-05
730.125 2.05875e-05
730.25 2.07466e-05
730.375 2.09058e-05
730.5 2.09093e-05
730.625 2.09129e-05
730.75 2.11077e-05
730.875 2.13025e-05
731 2.13062e-05
731.125 2.13098e-05
731.25 2.12202e-05
731.375 2.11305e-05
731.5 2.11341e-05
731.625 2.11377e-05
731.75 2.10312e-05
731.875 2.09246e-05
732 2.09281e-05
732.125 2.09317e-05
732.25 2.09411e-05
732.375 2.09505e-05
732.5 2.09541e-05
732.625 2.09577e-05
732.75 2.09823e-05
732.875 2.10069e-05
733 2.10105e-05
733.125 2.1014e-05
733.25 2.10631e-05
733.375 2.11123e-05
733.5 2.11159e-05
733.625 2.11194e-05
733.75 2.11742e-05
733.875 2.12289e-05
734 2.12325e-05
734.125 2.12361e-05
734.25 2.12942e-05
734.375 2.13522e-05
734.5 2.13559e-05
734.625 2.13595e-05
734.75 2.1215e-05
734.875 2.10705e-05
735 2.10741e-05
735.125 2.10777e-05
735.25 2.09235e-05
735.375 2.07693e-05
735.5 2.07728e-05
735.625 2.07763e-05
735.75 2.07938e-05
735.875 2.08113e-05
736 2.08149e-05
736.125 2.08184e-05
736.25 2.08795e-05
736.375 2.09406e-05
736.5 2.09442e-05
736.625 2.09477e-05
736.75 2.10914e-05
736.875 2.12352e-05
737 2.12388e-05
737.125 2.12424e-05
737.25 2.1376e-05
737.375 2.15096e-05
737.5 2.15133e-05
737.625 2.15169e-05
737.75 2.16433e-05
737.875 2.17697e-05
738 2.17733e-05
738.125 2.1777e-05
738.25 2.16971e-05
738.375 2.16172e-05
738.5 2.16208e-05
738.625 2.16245e-05
738.75 2.151e-05
738.875 2.13955e-05
739 2.13991e-05
739.125 2.14027e-05
739.25 2.15418e-05
739.375 2.1681e-05
739.5 2.16846e-05
739.625 2.16883e-05
739.75 2.1785e-05
739.875 2.18818e-05
740 2.18855e-05
740.125 2.18892e-05
740.25 2.18745e-05
740.375 2.18598e-05
740.5 2.18635e-05
740.625 2.18672e-05
740.75 2.18012e-05
740.875 2.17351e-05
741 2.17388e-05
741.125 2.17425e-05
741.25 2.16255e-05
741.375 2.15086e-05
741.5 2.15122e-05
741.625 2.15158e-05
741.75 2.14677e-05
741.875 2.14195e-05
742 2.14231e-05
742.125 2.14268e-05
742.25 2.14045e-05
742.375 2.13822e-05
742.5 2.13858e-05
742.625 2.13894e-05
742.75 2.15086e-05
742.875 2.16278e-05
743 2.16315e-05
743.125 2.16351e-05
743.25 2.1753e-05
743.375 2.18708e-05
743.5 2.18745e-05
743.625 2.18782e-05
743.75 2.19536e-05
743.875 2.2029e-05
744 2.20327e-05
744.125 2.20364e-05
744.25 2.20692e-05
744.375 2.2102e-05
744.5 2.21057e-05
744.625 2.21094e-05
744.75 2.20753e-05
744.875 2.20412e-05
745 2.20449e-05
745.125 2.20486e-05
745.25 2.21372e-05
745.375 2.22258e-05
745.5 2.22295e-05
745.625 2.22332e-05
745.75 2.24018e-05
745.875 2.25704e-05
746 2.25741e-05
746.125 2.25779e-05
746.25 2.24571e-05
746.375 2.23363e-05
746.5 2.234e-05
746.625 2.23438e-05
746.75 2.21675e-05
746.875 2.19911e-05
747 2.19948e-05
747.125 2.19985e-05
747.25 2.2064e-05
747.375 2.21296e-05
747.5 2.21333e-05
747.625 2.2137e-05
747.75 2.21969e-05
747.875 2.22569e-05
748 2.22607e-05
748.125 2.22644e-05
748.25 2.2307e-05
748.375 2.23496e-05
748.5 2.23533e-05
748.625 2.2357e-05
748.75 2.23305e-05
748.875 2.23039e-05
749 2.23076e-05
749.125 2.23113e-05
749.25 2.22001e-05
749.375 2.20888e-05
749.5 2.20925e-05
749.625 2.20962e-05
749.75 2.20502e-05
749.875 2.20042e-05
750 2.20079e-05
750.125 2.20115e-05
750.25 2.19998e-05
750.375 2.19881e-05
750.5 2.19918e-05
750.625 2.19955e-05
750.75 2.19173e-05
750.875 2.1839e-05
751 2.18427e-05
751.125 2.18463e-05
751.25 2.17658e-05
751.375 2.16853e-05
751.5 2.16889e-05
751.625 2.16925e-05
751.75 2.17449e-05
751.875 2.17973e-05
752 2.18009e-05
752.125 2.18045e-05
752.25 2.18324e-05
752.375 2.18602e-05
752.5 2.18638e-05
752.625 2.18675e-05
752.75 2.1825e-05
752.875 2.17824e-05
753 2.1786e-05
753.125 2.17897e-05
753.25 2.17848e-05
753.375 2.178e-05
753.5 2.17836e-05
753.625 2.17872e-05
753.75 2.18272e-05
753.875 2.18672e-05
754 2.18708e-05
754.125 2.18744e-05
754.25 2.18794e-05
754.375 2.18843e-05
754.5 2.18879e-05
754.625 2.18915e-05
754.75 2.18776e-05
754.875 2.18637e-05
755 2.18674e-05
755.125 2.1871e-05
755.25 2.18492e-05
755.375 2.18273e-05
755.5 2.18309e-05
755.625 2.18345e-05
755.75 2.18114e-05
755.875 2.17882e-05
756 2.17918e-05
756.125 2.17954e-05
756.25 2.17755e-05
756.375 2.17557e-05
756.5 2.17593e-05
756.625 2.17628e-05
756.75 2.17425e-05
756.875 2.1722e-05
757 2.17256e-05
757.125 2.17292e-05
757.25 2.17069e-05
757.375 2.16847e-05
757.5 2.16882e-05
757.625 2.16918e-05
757.75 2.16838e-05
757.875 2.16757e-05
758 2.16793e-05
758.125 2.16828e-05
758.25 2.16953e-05
758.375 2.17078e-05
758.5 2.17114e-05
758.625 2.17149e-05
758.75 2.1733e-05
758.875 2.17511e-05
759 2.17547e-05
759.125 2.17582e-05
759.25 2.17802e-05
759.375 2.18021e-05
759.5 2.18057e-05
759.625 2.18093e-05
759.75 2.16538e-05
759.875 2.14983e-05
760 2.15018e-05
760.125 2.15054e-05
760.25 2.12982e-05
760.375 2.1091e-05
760.5 2.10945e-05
760.625 2.1098e-05
760.75 2.13277e-05
760.875 2.15575e-05
761 2.1561e-05
761.125 2.15645e-05
761.25 2.17546e-05
761.375 2.19446e-05
761.5 2.19482e-05
761.625 2.19518e-05
761.75 2.17428e-05
761.875 2.15337e-05
762 2.15373e-05
762.125 2.15408e-05
762.25 2.14596e-05
762.375 2.13784e-05
762.5 2.13819e-05
762.625 2.13854e-05
762.75 2.15919e-05
762.875 2.17985e-05
763 2.18021e-05
763.125 2.18057e-05
763.25 2.18898e-05
763.375 2.1974e-05
763.5 2.19776e-05
763.625 2.19812e-05
763.75 2.19333e-05
763.875 2.18853e-05
764 2.18888e-05
764.125 2.18924e-05
764.25 2.17992e-05
764.375 2.1706e-05
764.5 2.17096e-05
764.625 2.17131e-05
764.75 2.15957e-05
764.875 2.14783e-05
765 2.14818e-05
765.125 2.14853e-05
765.25 2.13557e-05
765.375 2.12261e-05
765.5 2.12296e-05
765.625 2.12331e-05
765.75 2.11009e-05
765.875 2.09687e-05
766 2.09721e-05
766.125 2.09755e-05
766.25 2.08866e-05
766.375 2.07976e-05
766.5 2.0801e-05
766.625 2.08044e-05
766.75 2.07396e-05
766.875 2.06747e-05
767 2.06781e-05
767.125 2.06815e-05
767.25 2.07484e-05
767.375 2.08153e-05
767.5 2.08187e-05
767.625 2.08221e-05
767.75 2.09143e-05
767.875 2.10066e-05
768 2.101e-05
768.125 2.10134e-05
768.25 2.11613e-05
768.375 2.13093e-05
768.5 2.13128e-05
768.625 2.13162e-05
768.75 2.12837e-05
768.875 2.12512e-05
769 2.12547e-05
769.125 2.12581e-05
769.25 2.10248e-05
769.375 2.07915e-05
769.5 2.07948e-05
769.625 2.07982e-05
769.75 2.08215e-05
769.875 2.08448e-05
770 2.08482e-05
770.125 2.08516e-05
770.25 2.10248e-05
770.375 2.11981e-05
770.5 2.12015e-05
770.625 2.1205e-05
770.75 2.1283e-05
770.875 2.13611e-05
771 2.13645e-05
771.125 2.1368e-05
771.25 2.14202e-05
771.375 2.14725e-05
771.5 2.1476e-05
771.625 2.14794e-05
771.75 2.14009e-05
771.875 2.13223e-05
772 2.13257e-05
772.125 2.13292e-05
772.25 2.12675e-05
772.375 2.12059e-05
772.5 2.12093e-05
772.625 2.12128e-05
772.75 2.1404e-05
772.875 2.15953e-05
773 2.15988e-05
773.125 2.16023e-05
773.25 2.17441e-05
773.375 2.18859e-05
773.5 2.18894e-05
773.625 2.18929e-05
773.75 2.18783e-05
773.875 2.18636e-05
774 2.18671e-05
774.125 2.18707e-05
774.25 2.18005e-05
774.375 2.17302e-05
774.5 2.17337e-05
774.625 2.17372e-05
774.75 2.15791e-05
774.875 2.14209e-05
775 2.14243e-05
775.125 2.14278e-05
775.25 2.14385e-05
775.375 2.14492e-05
775.5 2.14527e-05
775.625 2.14561e-05
775.75 2.16165e-05
775.875 2.17769e-05
776 2.17804e-05
776.125 2.17839e-05
776.25 2.18194e-05
776.375 2.18549e-05
776.5 2.18584e-05
776.625 2.1862e-05
776.75 2.18369e-05
776.875 2.18119e-05
777 2.18154e-05
777.125 2.18189e-05
777.25 2.1924e-05
777.375 2.20292e-05
777.5 2.20327e-05
777.625 2.20362e-05
777.75 2.21713e-05
777.875 2.23064e-05
778 2.23099e-05
778.125 2.23135e-05
778.25 2.21247e-05
778.375 2.19358e-05
778.5 2.19393e-05
778.625 2.19428e-05
778.75 2.17668e-05
778.875 2.15906e-05
779 2.15941e-05
779.125 2.15975e-05
779.25 2.1732e-05
779.375 2.18666e-05
779.5 2.18701e-05
779.625 2.18736e-05
779.75 2.19942e-05
779.875 2.21148e-05
780 2.21183e-05
780.125 2.21219e-05
780.25 2.2193e-05
780.375 2.22642e-05
780.5 2.22677e-05
780.625 2.22713e-05
780.75 2.23243e-05
780.875 2.23773e-05
781 2.23809e-05
781.125 2.23845e-05
781.25 2.24039e-05
781.375 2.24233e-05
781.5 2.24269e-05
781.625 2.24304e-05
781.75 2.24382e-05
781.875 2.24459e-05
782 2.24495e-05
782.125 2.24531e-05
782.25 2.24483e-05
782.375 2.24434e-05
782.5 2.2447e-05
782.625 2.24506e-05
782.75 2.23799e-05
782.875 2.23092e-05
783 2.23127e-05
783.125 2.23163e-05
783.25 2.2203e-05
783.375 2.20896e-05
783.5 2.20931e-05
783.625 2.20967e-05
783.75 2.19987e-05
783.875 2.19006e-05
784 2.19041e-05
784.125 2.19076e-05
784.25 2.18153e-05
784.375 2.1723e-05
784.5 2.17264e-05
784.625 2.17299e-05
784.75 2.17841e-05
784.875 2.18384e-05
785 2.18419e-05
785.125 2.18454e-05
785.25 2.19249e-05
785.375 2.20045e-05
785.5 2.2008e-05
785.625 2.20115e-05
785.75 2.20721e-05
785.875 2.21327e-05
786 2.21362e-05
786.125 2.21397e-05
786.25 2.21974e-05
786.375 2.22551e-05
786.5 2.22586e-05
786.625 2.22622e-05
786.75 2.22966e-05
786.875 2.2331e-05
787 2.23346e-05
787.125 2.23381e-05
787.25 2.23526e-05
787.375 2.2367e-05
787.5 2.23706e-05
787.625 2.23741e-05
787.75 2.23113e-05
787.875 2.22485e-05
788 2.2252e-05
788.125 2.22556e-05
788.25 2.21618e-05
788.375 2.2068e-05
788.5 2.20715e-05
788.625 2.2075e-05
788.75 2.1915e-05
788.875 2.17549e-05
789 2.17584e-05
789.125 2.17618e-05
789.25 2.17156e-05
789.375 2.16695e-05
789.5 2.16729e-05
789.625 2.16763e-05
789.75 2.17812e-05
789.875 2.1886e-05
790 2.18895e-05
790.125 2.1893e-05
790.25 2.19113e-05
790.375 2.19296e-05
790.5 2.19331e-05
790.625 2.19365e-05
790.75 2.18807e-05
790.875 2.18249e-05
791 2.18283e-05
791.125 2.18318e-05
791.25 2.17165e-05
791.375 2.16013e-05
791.5 2.16047e-05
791.625 2.16081e-05
791.75 2.14602e-05
791.875 2.13123e-05
792 2.13157e-05
792.125 2.1319e-05
792.25 2.13921e-05
792.375 2.14652e-05
792.5 2.14686e-05
792.625 2.1472e-05
792.75 2.16193e-05
792.875 2.17667e-05
793 2.17701e-05
793.125 2.17735e-05
793.25 2.1619e-05
793.375 2.14643e-05
793.5 2.14677e-05
793.625 2.14711e-05
793.75 2.12635e-05
793.875 2.10559e-05
794 2.10592e-05
794.125 2.10625e-05
794.25 2.12075e-05
794.375 2.13526e-05
794.5 2.1356e-05
794.625 2.13593e-05
794.75 2.15141e-05
794.875 2.1669e-05
795 2.16724e-05
795.125 2.16758e-05
795.25 2.16578e-05
795.375 2.16398e-05
795.5 2.16432e-05
795.625 2.16466e-05
795.75 2.16601e-05
795.875 2.16735e-05
796 2.16769e-05
796.125 2.16803e-05
796.25 2.18851e-05
796.375 2.209e-05
796.5 2.20935e-05
796.625 2.2097e-05
796.75 2.22373e-05
796.875 2.23777e-05
797 2.23812e-05
797.125 2.23847e-05
797.25 2.23141e-05
797.375 2.22436e-05
797.5 2.22471e-05
797.625 2.22505e-05
797.75 2.22097e-05
797.875 2.21688e-05
798 2.21723e-05
798.125 2.21758e-05
798.25 2.21967e-05
798.375 2.22177e-05
798.5 2.22212e-05
798.625 2.22246e-05
798.75 2.22641e-05
798.875 2.23035e-05
799 2.2307e-05
799.125 2.23105e-05
799.25 2.23762e-05
799.375 2.24419e-05
799.5 2.24454e-05
799.625 2.24489e-05
799.75 2.25505e-05
799.875 2.26521e-05
800 2.26556e-05
800.125 2.26592e-05
800.25 2.27968e-05
800.375 2.29345e-05
800.5 2.29381e-05
800.625 2.29417e-05
800.75 2.31021e-05
800.875 2.32626e-05
801 2.32663e-05
801.125 2.32699e-05
801.25 2.34467e-05
801.375 2.36235e-05
801.5 2.36272e-05
801.625 2.36309e-05
801.75 2.36508e-05
801.875 2.36707e-05
802 2.36743e-05
802.125 2.3678e-05
802.25 2.36183e-05
802.375 2.35585e-05
802.5 2.35621e-05
802.625 2.35658e-05
802.75 2.34087e-05
802.875 2.32516e-05
803 2.32553e-05
803.125 2.32589e-05
803.25 2.30681e-05
803.375 2.28773e-05
803.5 2.28808e-05
803.625 2.28844e-05
803.75 2.29439e-05
803.875 2.30033e-05
804 2.30069e-05
804.125 2.30105e-05
804.25 2.31255e-05
804.375 2.32406e-05
804.5 2.32442e-05
804.625 2.32478e-05
804.75 2.31204e-05
804.875 2.2993e-05
805 2.29966e-05
805.125 2.30002e-05
805.25 2.28437e-05
805.375 2.26873e-05
805.5 2.26908e-05
805.625 2.26943e-05
805.75 2.27261e-05
805.875 2.27578e-05
806 2.27614e-05
806.125 2.27649e-05
806.25 2.27984e-05
806.375 2.28319e-05
806.5 2.28354e-05
806.625 2.2839e-05
806.75 2.27324e-05
806.875 2.26257e-05
807 2.26292e-05
807.125 2.26327e-05
807.25 2.25394e-05
807.375 2.24461e-05
807.5 2.24496e-05
807.625 2.2453e-05
807.75 2.2476e-05
807.875 2.24989e-05
808 2.25024e-05
808.125 2.25059e-05
808.25 2.25194e-05
808.375 2.2533e-05
808.5 2.25365e-05
808.625 2.254e-05
808.75 2.25069e-05
808.875 2.24738e-05
809 2.24773e-05
809.125 2.24808e-05
809.25 2.24495e-05
809.375 2.24183e-05
809.5 2.24217e-05
809.625 2.24252e-05
809.75 2.24002e-05
809.875 2.23751e-05
810 2.23785e-05
810.125 2.2382e-05
810.25 2.23763e-05
810.375 2.23705e-05
810.5 2.2374e-05
810.625 2.23774e-05
810.75 2.24188e-05
810.875 2.24602e-05
811 2.24636e-05
811.125 2.24671e-05
811.25 2.25748e-05
811.375 2.26825e-05
811.5 2.2686e-05
811.625 2.26895e-05
811.75 2.2921e-05
811.875 2.31525e-05
812 2.31561e-05
812.125 2.31596e-05
812.25 2.33394e-05
812.375 2.35193e-05
812.5 2.35229e-05
812.625 2.35265e-05
812.75 2.36301e-05
812.875 2.37338e-05
813 2.37374e-05
813.125 2.37411e-05
813.25 2.37896e-05
813.375 2.3838e-05
813.5 2.38417e-05
813.625 2.38454e-05
813.75 2.38284e-05
813.875 2.38115e-05
814 2.38152e-05
814.125 2.38188e-05
814.25 2.37519e-05
814.375 2.3685e-05
814.5 2.36887e-05
814.625 2.36923e-05
814.75 2.35772e-05
814.875 2.34621e-05
815 2.34657e-05
815.125 2.34693e-05
815.25 2.35815e-05
815.375 2.36938e-05
815.5 2.36974e-05
815.625 2.37011e-05
815.75 2.39933e-05
815.875 2.42856e-05
816 2.42893e-05
816.125 2.4293e-05
816.25 2.43958e-05
816.375 2.44987e-05
816.5 2.45025e-05
816.625 2.45062e-05
816.75 2.44847e-05
816.875 2.44633e-05
817 2.4467e-05
817.125 2.44708e-05
817.25 2.43775e-05
817.375 2.42843e-05
817.5 2.4288e-05
817.625 2.42917e-05
817.75 2.41596e-05
817.875 2.40274e-05
818 2.4031e-05
818.125 2.40347e-05
818.25 2.38091e-05
818.375 2.35835e-05
818.5 2.35871e-05
818.625 2.35907e-05
818.75 2.33232e-05
818.875 2.30557e-05
819 2.30592e-05
819.125 2.30627e-05
819.25 2.29974e-05
819.375 2.2932e-05
819.5 2.29355e-05
819.625 2.2939e-05
819.75 2.29488e-05
819.875 2.29586e-05
820 2.29621e-05
820.125 2.29656e-05
820.25 2.29603e-05
820.375 2.29549e-05
820.5 2.29584e-05
820.625 2.29619e-05
820.75 2.2952e-05
820.875 2.2942e-05
821 2.29455e-05
821.125 2.2949e-05
821.25 2.28548e-05
821.375 2.27606e-05
821.5 2.2764e-05
821.625 2.27675e-05
821.75 2.26524e-05
821.875 2.25373e-05
822 2.25407e-05
822.125 2.25442e-05
822.25 2.27165e-05
822.375 2.28889e-05
822.5 2.28923e-05
822.625 2.28958e-05
822.75 2.31258e-05
822.875 2.33558e-05
823 2.33593e-05
823.125 2.33629e-05
823.25 2.3408e-05
823.375 2.34532e-05
823.5 2.34568e-05
823.625 2.34603e-05
823.75 2.34762e-05
823.875 2.3492e-05
824 2.34956e-05
824.125 2.34992e-05
824.25 2.35688e-05
824.375 2.36384e-05
824.5 2.3642e-05
824.625 2.36456e-05
824.75 2.37218e-05
824.875 2.3798e-05
825 2.38016e-05
825.125 2.38052e-05
825.25 2.37887e-05
825.375 2.37722e-05
825.5 2.37758e-05
825.625 2.37794e-05
825.75 2.37544e-05
825.875 2.37294e-05
826 2.3733e-05
826.125 2.37365e-05
826.25 2.3718e-05
826.375 2.36994e-05
826.5 2.3703e-05
826.625 2.37066e-05
826.75 2.36885e-05
826.875 2.36704e-05
827 2.3674e-05
827.125 2.36775e-05
827.25 2.35791e-05
827.375 2.34806e-05
827.5 2.34841e-05
827.625 2.34877e-05
827.75 2.33859e-05
827.875 2.3284e-05
828 2.32875e-05
828.125 2.3291e-05
828.25 2.34114e-05
828.375 2.35318e-05
828.5 2.35353e-05
828.625 2.35389e-05
828.75 2.36643e-05
828.875 2.37897e-05
829 2.37933e-05
829.125 2.37969e-05
829.25 2.37017e-05
829.375 2.36065e-05
829.5 2.361e-05
829.625 2.36136e-05
829.75 2.35165e-05
829.875 2.34194e-05
830 2.3423e-05
830.125 2.34265e-05
830.25 2.32822e-05
830.375 2.31378e-05
830.5 2.31413e-05
830.625 2.31447e-05
830.75 2.3007e-05
830.875 2.28691e-05
831 2.28726e-05
831.125 2.2876e-05
831.25 2.30971e-05
831.375 2.33183e-05
831.5 2.33218e-05
831.625 2.33253e-05
831.75 2.35335e-05
831.875 2.37417e-05
832 2.37453e-05
832.125 2.37489e-05
832.25 2.34855e-05
832.375 2.3222e-05
832.5 2.32255e-05
832.625 2.3229e-05
832.75 2.29745e-05
832.875 2.272e-05
833 2.27234e-05
833.125 2.27268e-05
833.25 2.27378e-05
833.375 2.27489e-05
833.5 2.27523e-05
833.625 2.27557e-05
833.75 2.27649e-05
833.875 2.27742e-05
834 2.27776e-05
834.125 2.2781e-05
834.25 2.2743e-05
834.375 2.2705e-05
834.5 2.27085e-05
834.625 2.27119e-05
834.75 2.26738e-05
834.875 2.26358e-05
835 2.26392e-05
835.125 2.26426e-05
835.25 2.26027e-05
835.375 2.25628e-05
835.5 2.25662e-05
835.625 2.25696e-05
835.75 2.25393e-05
835.875 2.2509e-05
836 2.25123e-05
836.125 2.25157e-05
836.25 2.27316e-05
836.375 2.29475e-05
836.5 2.29509e-05
836.625 2.29544e-05
836.75 2.3162e-05
836.875 2.33697e-05
837 2.33732e-05
837.125 2.33767e-05
837.25 2.33534e-05
837.375 2.33301e-05
837.5 2.33335e-05
837.625 2.3337e-05
837.75 2.3311e-05
837.875 2.32849e-05
838 2.32884e-05
838.125 2.32919e-05
838.25 2.31712e-05
838.375 2.30504e-05
838.5 2.30539e-05
838.625 2.30573e-05
838.75 2.29415e-05
838.875 2.28257e-05
839 2.28291e-05
839.125 2.28325e-05
839.25 2.29588e-05
839.375 2.30852e-05
839.5 2.30886e-05
839.625 2.3092e-05
839.75 2.32186e-05
839.875 2.33451e-05
840 2.33486e-05
840.125 2.3352e-05
840.25 2.35039e-05
840.375 2.36558e-05
840.5 2.36593e-05
840.625 2.36628e-05
840.75 2.38147e-05
840.875 2.39665e-05
841 2.39701e-05
841.125 2.39737e-05
841.25 2.38044e-05
841.375 2.3635e-05
841.5 2.36386e-05
841.625 2.36421e-05
841.75 2.34719e-05
841.875 2.33017e-05
842 2.33051e-05
842.125 2.33086e-05
842.25 2.32026e-05
842.375 2.30966e-05
842.5 2.31001e-05
842.625 2.31035e-05
842.75 2.29988e-05
842.875 2.28941e-05
843 2.28975e-05
843.125 2.29009e-05
843.25 2.28592e-05
843.375 2.28175e-05
843.5 2.28209e-05
843.625 2.28243e-05
843.75 2.2785e-05
843.875 2.27457e-05
844 2.27491e-05
844.125 2.27525e-05
844.25 2.2803e-05
844.375 2.28535e-05
844.5 2.28569e-05
844.625 2.28602e-05
844.75 2.29161e-05
844.875 2.2972e-05
845 2.29754e-05
845.125 2.29788e-05
845.25 2.30613e-05
845.375 2.31439e-05
845.5 2.31473e-05
845.625 2.31508e-05
845.75 2.32356e-05
845.875 2.33205e-05
846 2.33239e-05
846.125 2.33274e-05
846.25 2.32111e-05
846.375 2.30949e-05
846.5 2.30983e-05
846.625 2.31017e-05
846.75 2.29621e-05
846.875 2.28224e-05
847 2.28257e-05
847.125 2.28291e-05
847.25 2.28586e-05
847.375 2.2888e-05
847.5 2.28914e-05
847.625 2.28948e-05
847.75 2.295e-05
847.875 2.30053e-05
848 2.30087e-05
848.125 2.30121e-05
848.25 2.29526e-05
848.375 2.28931e-05
848.5 2.28965e-05
848.625 2.28998e-05
848.75 2.28181e-05
848.875 2.27364e-05
849 2.27398e-05
849.125 2.27431e-05
849.25 2.24106e-05
849.375 2.2078e-05
849.5 2.20812e-05
849.625 2.20845e-05
849.75 2.16915e-05
849.875 2.12985e-05
850 2.13016e-05
850.125 2.13048e-05
850.25 2.15422e-05
850.375 2.17796e-05
850.5 2.17828e-05
850.625 2.1786e-05
850.75 2.22104e-05
850.875 2.2635e-05
851 2.26383e-05
851.125 2.26416e-05
851.25 2.27132e-05
851.375 2.27847e-05
851.5 2.27881e-05
851.625 2.27914e-05
851.75 2.27346e-05
851.875 2.26777e-05
852 2.26811e-05
852.125 2.26844e-05
852.25 2.26508e-05
852.375 2.26173e-05
852.5 2.26206e-05
852.625 2.26239e-05
852.75 2.26006e-05
852.875 2.25773e-05
853 2.25806e-05
853.125 2.2584e-05
853.25 2.20123e-05
853.375 2.14406e-05
853.5 2.14437e-05
853.625 2.14469e-05
853.75 2.05827e-05
853.875 1.97183e-05
854 1.97211e-05
854.125 1.9724e-05
854.25 1.96394e-05
854.375 1.95547e-05
854.5 1.95576e-05
854.625 1.95604e-05
854.75 1.99786e-05
854.875 2.03969e-05
855 2.03999e-05
855.125 2.04029e-05
855.25 2.09655e-05
855.375 2.15283e-05
855.5 2.15315e-05
855.625 2.15346e-05
855.75 2.22107e-05
855.875 2.2887e-05
856 2.28904e-05
856.125 2.28937e-05
856.25 2.32064e-05
856.375 2.35193e-05
856.5 2.35227e-05
856.625 2.35261e-05
856.75 2.34912e-05
856.875 2.34562e-05
857 2.34597e-05
857.125 2.34631e-05
857.25 2.35007e-05
857.375 2.35384e-05
857.5 2.35418e-05
857.625 2.35452e-05
857.75 2.36684e-05
857.875 2.37915e-05
858 2.3795e-05
858.125 2.37984e-05
858.25 2.3964e-05
858.375 2.41297e-05
858.5 2.41332e-05
858.625 2.41367e-05
858.75 2.43648e-05
858.875 2.45929e-05
859 2.45965e-05
859.125 2.46001e-05
859.25 2.4732e-05
859.375 2.48639e-05
859.5 2.48675e-05
859.625 2.48712e-05
859.75 2.48228e-05
859.875 2.47744e-05
860 2.4778e-05
860.125 2.47816e-05
860.25 2.47126e-05
860.375 2.46436e-05
860.5 2.46472e-05
860.625 2.46508e-05
860.75 2.4531e-05
860.875 2.44112e-05
861 2.44147e-05
861.125 2.44183e-05
861.25 2.43287e-05
861.375 2.4239e-05
861.5 2.42425e-05
861.625 2.42461e-05
861.75 2.42589e-05
861.875 2.42718e-05
862 2.42753e-05
862.125 2.42788e-05
862.25 2.43049e-05
862.375 2.43309e-05
862.5 2.43344e-05
862.625 2.4338e-05
862.75 2.44317e-05
862.875 2.45254e-05
863 2.4529e-05
863.125 2.45325e-05
863.25 2.46141e-05
863.375 2.46957e-05
863.5 2.46993e-05
863.625 2.47029e-05
863.75 2.46717e-05
863.875 2.46405e-05
864 2.46441e-05
864.125 2.46477e-05
864.25 2.4614e-05
864.375 2.45803e-05
864.5 2.45838e-05
864.625 2.45874e-05
864.75 2.44622e-05
864.875 2.43369e-05
865 2.43404e-05
865.125 2.43439e-05
865.25 2.42187e-05
865.375 2.40935e-05
865.5 2.4097e-05
865.625 2.41005e-05
865.75 2.3403e-05
865.875 2.27053e-05
866 2.27086e-05
866.125 2.27118e-05
866.25 2.19879e-05
866.375 2.12637e-05
866.5 2.12668e-05
866.625 2.12699e-05
866.75 2.16372e-05
866.875 2.20047e-05
867 2.20078e-05
867.125 2.2011e-05
867.25 2.25247e-05
867.375 2.30386e-05
867.5 2.30419e-05
867.625 2.30452e-05
867.75 2.31868e-05
867.875 2.33284e-05
868 2.33318e-05
868.125 2.33351e-05
868.25 2.33867e-05
868.375 2.34383e-05
868.5 2.34417e-05
868.625 2.3445e-05
868.75 2.3545e-05
868.875 2.36451e-05
869 2.36485e-05
869.125 2.36519e-05
869.25 2.37702e-05
869.375 2.38885e-05
869.5 2.38919e-05
869.625 2.38953e-05
869.75 2.40775e-05
869.875 2.42596e-05
870 2.42631e-05
870.125 2.42666e-05
870.25 2.4484e-05
870.375 2.47014e-05
870.5 2.47049e-05
870.625 2.47085e-05
870.75 2.48243e-05
870.875 2.49402e-05
871 2.49438e-05
871.125 2.49474e-05
871.25 2.49837e-05
871.375 2.502e-05
871.5 2.50236e-05
871.625 2.50272e-05
871.75 2.50363e-05
871.875 2.50453e-05
872 2.50489e-05
872.125 2.50525e-05
872.25 2.50313e-05
872.375 2.50101e-05
872.5 2.50137e-05
872.625 2.50173e-05
872.75 2.50469e-05
872.875 2.50766e-05
873 2.50802e-05
873.125 2.50838e-05
873.25 2.51952e-05
873.375 2.53067e-05
873.5 2.53103e-05
873.625 2.53139e-05
873.75 2.52831e-05
873.875 2.52523e-05
874 2.52559e-05
874.125 2.52595e-05
874.25 2.48839e-05
874.375 2.45081e-05
874.5 2.45116e-05
874.625 2.45151e-05
874.75 2.42581e-05
874.875 2.40011e-05
875 2.40045e-05
875.125 2.40079e-05
875.25 2.42304e-05
875.375 2.44529e-05
875.5 2.44564e-05
875.625 2.44599e-05
875.75 2.46624e-05
875.875 2.48649e-05
876 2.48685e-05
876.125 2.4872e-05
876.25 2.48989e-05
876.375 2.49258e-05
876.5 2.49294e-05
876.625 2.49329e-05
876.75 2.496e-05
876.875 2.4987e-05
877 2.49905e-05
877.125 2.49941e-05
877.25 2.5077e-05
877.375 2.51598e-05
877.5 2.51634e-05
877.625 2.5167e-05
877.75 2.52498e-05
877.875 2.53326e-05
878 2.53363e-05
878.125 2.53399e-05
878.25 2.52733e-05
878.375 2.52067e-05
878.5 2.52103e-05
878.625 2.52139e-05
878.75 2.51309e-05
878.875 2.50479e-05
879 2.50514e-05
879.125 2.5055e-05
879.25 2.5671e-05
879.375 2.62873e-05
879.5 2.6291e-05
879.625 2.62948e-05
879.75 2.70888e-05
879.875 2.78831e-05
880 2.78871e-05
880.125 2.78911e-05
880.25 2.75033e-05
880.375 2.71155e-05
880.5 2.71193e-05
880.625 2.71232e-05
880.75 2.62057e-05
880.875 2.52881e-05
881 2.52916e-05
881.125 2.52952e-05
881.25 2.5006e-05
881.375 2.47166e-05
881.5 2.47201e-05
881.625 2.47236e-05
881.75 2.48864e-05
881.875 2.50493e-05
882 2.50528e-05
882.125 2.50564e-05
882.25 2.5172e-05
882.375 2.52876e-05
882.5 2.52912e-05
882.625 2.52948e-05
882.75 2.5357e-05
882.875 2.54193e-05
883 2.54229e-05
883.125 2.54265e-05
883.25 2.54587e-05
883.375 2.5491e-05
883.5 2.54946e-05
883.625 2.54982e-05
883.75 2.5476e-05
883.875 2.54538e-05
884 2.54574e-05
884.125 2.5461e-05
884.25 2.54934e-05
884.375 2.55257e-05
884.5 2.55293e-05
884.625 2.55329e-05
884.75 2.57393e-05
884.875 2.59456e-05
885 2.59493e-05
885.125 2.5953e-05
885.25 2.61082e-05
885.375 2.62635e-05
885.5 2.62672e-05
885.625 2.6271e-05
885.75 2.60505e-05
885.875 2.583e-05
886 2.58336e-05
886.125 2.58373e-05
886.25 2.56169e-05
886.375 2.53964e-05
886.5 2.54e-05
886.625 2.54036e-05
886.75 2.51825e-05
886.875 2.49613e-05
887 2.49648e-05
887.125 2.49683e-05
887.25 2.47472e-05
887.375 2.45261e-05
887.5 2.45295e-05
887.625 2.4533e-05
887.75 2.46343e-05
887.875 2.47357e-05
888 2.47392e-05
888.125 2.47427e-05
888.25 2.4891e-05
888.375 2.50393e-05
888.5 2.50428e-05
888.625 2.50463e-05
888.75 2.51645e-05
888.875 2.52828e-05
889 2.52863e-05
889.125 2.52899e-05
889.25 2.53979e-05
889.375 2.55059e-05
889.5 2.55095e-05
889.625 2.55131e-05
889.75 2.5474e-05
889.875 2.5435e-05
890 2.54386e-05
890.125 2.54422e-05
890.25 2.53119e-05
890.375 2.51816e-05
890.5 2.51851e-05
890.625 2.51887e-05
890.75 2.50941e-05
890.875 2.49995e-05
891 2.5003e-05
891.125 2.50065e-05
891.25 2.49499e-05
891.375 2.48932e-05
891.5 2.48967e-05
891.625 2.49002e-05
891.75 2.4927e-05
891.875 2.49537e-05
892 2.49572e-05
892.125 2.49607e-05
892.25 2.51421e-05
892.375 2.53236e-05
892.5 2.53272e-05
892.625 2.53307e-05
892.75 2.55075e-05
892.875 2.56843e-05
893 2.56879e-05
893.125 2.56915e-05
893.25 2.5851e-05
893.375 2.60106e-05
893.5 2.60142e-05
893.625 2.60179e-05
893.75 2.61392e-05
893.875 2.62606e-05
894 2.62642e-05
894.125 2.62679e-05
894.25 2.59091e-05
894.375 2.55501e-05
894.5 2.55537e-05
894.625 2.55573e-05
894.75 2.51985e-05
894.875 2.48397e-05
895 2.48432e-05
895.125 2.48466e-05
895.25 2.50621e-05
895.375 2.52777e-05
895.5 2.52812e-05
895.625 2.52847e-05
895.75 2.55423e-05
895.875 2.57999e-05
896 2.58035e-05
896.125 2.58071e-05
896.25 2.57547e-05
896.375 2.57022e-05
896.5 2.57058e-05
896.625 2.57094e-05
896.75 2.55725e-05
896.875 2.54356e-05
897 2.54392e-05
897.125 2.54427e-05
897.25 2.54821e-05
897.375 2.55214e-05
897.5 2.55249e-05
897.625 2.55285e-05
897.75 2.56673e-05
897.875 2.58062e-05
898 2.58098e-05
898.125 2.58134e-05
898.25 2.59379e-05
898.375 2.60623e-05
898.5 2.60659e-05
898.625 2.60696e-05
898.75 2.61789e-05
898.875 2.62883e-05
899 2.6292e-05
899.125 2.62956e-05
899.25 2.63464e-05
899.375 2.63972e-05
899.5 2.64009e-05
899.625 2.64045e-05
899.75 2.63401e-05
899.875 2.62757e-05
900 2.62793e-05
900.125 2.6283e-05
900.25 2.61903e-05
900.375 2.60976e-05
900.5 2.61012e-05
900.625 2.61048e-05
900.75 2.58835e-05
900.875 2.5662e-05
901 2.56656e-05
901.125 2.56692e-05
901.25 2.54514e-05
901.375 2.52335e-05
901.5 2.5237e-05
901.625 2.52405e-05
901.75 2.51751e-05
901.875 2.51096e-05
902 2.51131e-05
902.125 2.51165e-05
902.25 2.50511e-05
902.375 2.49856e-05
902.5 2.49891e-05
902.625 2.49926e-05
902.75 2.5185e-05
902.875 2.53775e-05
903 2.53811e-05
903.125 2.53846e-05
903.25 2.56181e-05
903.375 2.58517e-05
903.5 2.58553e-05
903.625 2.58588e-05
903.75 2.59523e-05
903.875 2.60458e-05
904 2.60494e-05
904.125 2.6053e-05
904.25 2.60864e-05
904.375 2.61197e-05
904.5 2.61234e-05
904.625 2.6127e-05
904.75 2.61973e-05
904.875 2.62677e-05
905 2.62713e-05
905.125 2.6275e-05
905.25 2.63777e-05
905.375 2.64804e-05
905.5 2.6484e-05
905.625 2.64877e-05
905.75 2.65347e-05
905.875 2.65817e-05
906 2.65854e-05
906.125 2.6589e-05
906.25 2.65396e-05
906.375 2.64901e-05
906.5 2.64938e-05
906.625 2.64974e-05
906.75 2.64582e-05
906.875 2.6419e-05
907 2.64226e-05
907.125 2.64263e-05
907.25 2.64291e-05
907.375 2.6432e-05
907.5 2.64356e-05
907.625 2.64392e-05
907.75 2.64333e-05
907.875 2.64273e-05
908 2.6431e-05
908.125 2.64346e-05
908.25 2.60459e-05
908.375 2.56571e-05
908.5 2.56606e-05
908.625 2.56641e-05
908.75 2.52755e-05
908.875 2.48868e-05
909 2.48902e-05
909.125 2.48936e-05
909.25 2.50371e-05
909.375 2.51806e-05
909.5 2.51841e-05
909.625 2.51876e-05
909.75 2.54279e-05
909.875 2.56683e-05
910 2.56719e-05
910.125 2.56754e-05
910.25 2.58187e-05
910.375 2.59621e-05
910.5 2.59657e-05
910.625 2.59693e-05
910.75 2.60643e-05
910.875 2.61594e-05
911 2.6163e-05
911.125 2.61665e-05
911.25 2.62109e-05
911.375 2.62552e-05
911.5 2.62588e-05
911.625 2.62624e-05
911.75 2.62532e-05
911.875 2.62441e-05
912 2.62477e-05
912.125 2.62513e-05
912.25 2.62341e-05
912.375 2.62169e-05
912.5 2.62205e-05
912.625 2.62241e-05
912.75 2.61886e-05
912.875 2.6153e-05
913 2.61566e-05
913.125 2.61602e-05
913.25 2.61387e-05
913.375 2.61171e-05
913.5 2.61207e-05
913.625 2.61243e-05
913.75 2.6208e-05
913.875 2.62917e-05
914 2.62953e-05
914.125 2.62989e-05
914.25 2.63826e-05
914.375 2.64663e-05
914.5 2.64699e-05
914.625 2.64735e-05
914.75 2.63996e-05
914.875 2.63257e-05
915 2.63293e-05
915.125 2.63329e-05
915.25 2.62467e-05
915.375 2.61605e-05
915.5 2.61641e-05
915.625 2.61677e-05
915.75 2.62752e-05
915.875 2.63827e-05
916 2.63863e-05
916.125 2.63899e-05
916.25 2.65668e-05
916.375 2.67436e-05
916.5 2.67473e-05
916.625 2.67509e-05
916.75 2.67441e-05
916.875 2.67373e-05
917 2.6741e-05
917.125 2.67446e-05
917.25 2.65829e-05
917.375 2.64211e-05
917.5 2.64247e-05
917.625 2.64283e-05
917.75 2.63389e-05
917.875 2.62495e-05
918 2.62531e-05
918.125 2.62567e-05
918.25 2.63042e-05
918.375 2.63517e-05
918.5 2.63553e-05
918.625 2.63588e-05
918.75 2.63781e-05
918.875 2.63974e-05
919 2.6401e-05
919.125 2.64046e-05
919.25 2.62584e-05
919.375 2.61121e-05
919.5 2.61157e-05
919.625 2.61192e-05
919.75 2.59731e-05
919.875 2.58268e-05
920 2.58304e-05
920.125 2.58339e-05
920.25 2.56967e-05
920.375 2.55595e-05
920.5 2.5563e-05
920.625 2.55665e-05
920.75 2.54299e-05
920.875 2.52933e-05
921 2.52967e-05
921.125 2.53001e-05
921.25 2.51264e-05
921.375 2.49527e-05
921.5 2.49561e-05
921.625 2.49595e-05
921.75 2.47728e-05
921.875 2.4586e-05
922 2.45893e-05
922.125 2.45926e-05
922.25 2.44287e-05
922.375 2.42648e-05
922.5 2.42681e-05
922.625 2.42714e-05
922.75 2.41275e-05
922.875 2.39837e-05
923 2.39869e-05
923.125 2.39902e-05
923.25 2.39674e-05
923.375 2.39446e-05
923.5 2.39479e-05
923.625 2.39511e-05
923.75 2.4185e-05
923.875 2.44189e-05
924 2.44222e-05
924.125 2.44255e-05
924.25 2.45479e-05
924.375 2.46704e-05
924.5 2.46737e-05
924.625 2.4677e-05
924.75 2.38798e-05
924.875 2.30824e-05
925 2.30855e-05
925.125 2.30887e-05
925.25 2.22917e-05
925.375 2.14945e-05
925.5 2.14974e-05
925.625 2.15003e-05
925.75 2.22541e-05
925.875 2.30081e-05
926 2.30112e-05
926.125 2.30143e-05
926.25 2.39538e-05
926.375 2.48935e-05
926.5 2.48968e-05
926.625 2.49002e-05
926.75 2.53517e-05
926.875 2.58032e-05
927 2.58067e-05
927.125 2.58102e-05
927.25 2.60269e-05
927.375 2.62437e-05
927.5 2.62472e-05
927.625 2.62508e-05
927.75 2.61226e-05
927.875 2.59944e-05
928 2.59979e-05
928.125 2.60014e-05
928.25 2.546e-05
928.375 2.49185e-05
928.5 2.49218e-05
928.625 2.49252e-05
928.75 2.45541e-05
928.875 2.41828e-05
929 2.41861e-05
929.125 2.41893e-05
929.25 2.43851e-05
929.375 2.45809e-05
929.5 2.45842e-05
929.625 2.45875e-05
929.75 2.47827e-05
929.875 2.4978e-05