# lam(nm) Flux (erg/s/cm2/Ang)
3.2474e+02 1.7434e-15
3.2481e+02 1.7434e-15
3.2488e+02 1.7303e-15
3.2496e+02 1.7172e-15
3.2504e+02 1.7172e-15
3.2511e+02 1.7172e-15
3.2519e+02 1.7041e-15
3.2526e+02 1.6910e-15
3.2533e+02 1.6910e-15
3.2541e+02 1.6910e-15
3.2549e+02 1.7069e-15
3.2556e+02 1.7228e-15
3.2563e+02 1.7228e-15
3.2571e+02 1.7228e-15
3.2579e+02 1.7387e-15
3.2586e+02 1.7545e-15
3.2594e+02 1.7545e-15
3.2601e+02 1.7545e-15
3.2608e+02 1.7704e-15
3.2616e+02 1.7862e-15
3.2624e+02 1.7862e-15
3.2631e+02 1.7862e-15
3.2638e+02 1.8021e-15
3.2646e+02 1.8179e-15
3.2654e+02 1.8179e-15
3.2661e+02 1.8179e-15
3.2669e+02 1.8337e-15
3.2676e+02 1.8495e-15
3.2683e+02 1.8495e-15
3.2691e+02 1.8495e-15
3.2699e+02 1.8652e-15
3.2706e+02 1.8810e-15
3.2713e+02 1.8810e-15
3.2721e+02 1.8810e-15
3.2729e+02 1.8967e-15
3.2736e+02 1.9125e-15
3.2744e+02 1.9125e-15
3.2751e+02 1.9125e-15
3.2758e+02 1.9282e-15
3.2766e+02 1.9439e-15
3.2774e+02 1.9439e-15
3.2781e+02 1.9439e-15
3.2788e+02 1.9595e-15
3.2796e+02 1.9752e-15
3.2804e+02 1.9752e-15
3.2811e+02 1.9752e-15
3.2819e+02 1.9909e-15
3.2826e+02 2.0065e-15
3.2833e+02 2.0065e-15
3.2841e+02 2.0065e-15
3.2849e+02 1.9984e-15
3.2856e+02 1.9902e-15
3.2863e+02 1.9902e-15
3.2871e+02 1.9902e-15
3.2879e+02 1.9821e-15
3.2886e+02 1.9740e-15
3.2894e+02 1.9740e-15
3.2901e+02 1.9740e-15
3.2908e+02 1.9659e-15
3.2916e+02 1.9578e-15
3.2924e+02 1.9578e-15
3.2931e+02 1.9578e-15
3.2938e+02 1.9497e-15
3.2946e+02 1.9417e-15
3.2954e+02 1.9417e-15
3.2961e+02 1.9417e-15
3.2969e+02 1.9336e-15
3.2976e+02 1.9255e-15
3.2983e+02 1.9255e-15
3.2991e+02 1.9255e-15
3.2999e+02 1.9175e-15
3.3006e+02 1.9094e-15
3.3013e+02 1.9094e-15
3.3021e+02 1.9094e-15
3.3029e+02 1.9014e-15
3.3036e+02 1.8933e-15
3.3044e+02 1.8933e-15
3.3051e+02 1.8933e-15
3.3058e+02 1.8853e-15
3.3066e+02 1.8773e-15
3.3074e+02 1.8773e-15
3.3081e+02 1.8773e-15
3.3088e+02 1.8693e-15
3.3096e+02 1.8613e-15
3.3104e+02 1.8613e-15
3.3111e+02 1.8613e-15
3.3119e+02 1.8533e-15
3.3126e+02 1.8453e-15
3.3133e+02 1.8453e-15
3.3141e+02 1.8453e-15
3.3149e+02 1.8431e-15
3.3156e+02 1.8409e-15
3.3163e+02 1.8409e-15
3.3171e+02 1.8409e-15
3.3179e+02 1.8387e-15
3.3186e+02 1.8364e-15
3.3194e+02 1.8364e-15
3.3201e+02 1.8364e-15
3.3208e+02 1.8342e-15
3.3216e+02 1.8320e-15
3.3224e+02 1.8320e-15
3.3231e+02 1.8320e-15
3.3238e+02 1.8298e-15
3.3246e+02 1.8276e-15
3.3254e+02 1.8276e-15
3.3261e+02 1.8276e-15
3.3269e+02 1.8255e-15
3.3276e+02 1.8233e-15
3.3283e+02 1.8233e-15
3.3291e+02 1.8233e-15
3.3299e+02 1.8211e-15
3.3306e+02 1.8189e-15
3.3313e+02 1.8189e-15
3.3321e+02 1.8189e-15
3.3329e+02 1.8167e-15
3.3336e+02 1.8145e-15
3.3344e+02 1.8145e-15
3.3351e+02 1.8145e-15
3.3358e+02 1.8123e-15
3.3366e+02 1.8102e-15
3.3374e+02 1.8102e-15
3.3381e+02 1.8102e-15
3.3388e+02 1.8080e-15
3.3396e+02 1.8058e-15
3.3404e+02 1.8058e-15
3.3411e+02 1.8058e-15
3.3419e+02 1.8036e-15
3.3426e+02 1.8015e-15
3.3433e+02 1.8015e-15
3.3441e+02 1.8015e-15
3.3449e+02 1.7841e-15
3.3456e+02 1.7667e-15
3.3463e+02 1.7667e-15
3.3471e+02 1.7667e-15
3.3479e+02 1.7494e-15
3.3486e+02 1.7320e-15
3.3494e+02 1.7320e-15
3.3501e+02 1.7320e-15
3.3508e+02 1.7147e-15
3.3516e+02 1.6974e-15
3.3524e+02 1.6974e-15
3.3531e+02 1.6974e-15
3.3538e+02 1.6801e-15
3.3546e+02 1.6628e-15
3.3554e+02 1.6628e-15
3.3561e+02 1.6628e-15
3.3569e+02 1.6456e-15
3.3576e+02 1.6283e-15
3.3583e+02 1.6283e-15
3.3591e+02 1.6283e-15
3.3599e+02 1.6111e-15
3.3606e+02 1.5939e-15
3.3613e+02 1.5939e-15
3.3621e+02 1.5939e-15
3.3629e+02 1.5767e-15
3.3636e+02 1.5595e-15
3.3644e+02 1.5595e-15
3.3651e+02 1.5595e-15
3.3658e+02 1.5423e-15
3.3666e+02 1.5252e-15
3.3674e+02 1.5252e-15
3.3681e+02 1.5252e-15
3.3688e+02 1.5080e-15
3.3696e+02 1.4909e-15
3.3704e+02 1.4909e-15
3.3711e+02 1.4909e-15
3.3719e+02 1.4738e-15
3.3726e+02 1.4567e-15
3.3733e+02 1.4567e-15
3.3741e+02 1.4567e-15
3.3749e+02 1.4753e-15
3.3756e+02 1.4938e-15
3.3763e+02 1.4938e-15
3.3771e+02 1.4938e-15
3.3779e+02 1.5123e-15
3.3786e+02 1.5309e-15
3.3794e+02 1.5309e-15
3.3801e+02 1.5309e-15
3.3808e+02 1.5494e-15
3.3816e+02 1.5679e-15
3.3824e+02 1.5679e-15
3.3831e+02 1.5679e-15
3.3838e+02 1.5863e-15
3.3846e+02 1.6048e-15
3.3854e+02 1.6048e-15
3.3861e+02 1.6048e-15
3.3869e+02 1.6232e-15
3.3876e+02 1.6416e-15
3.3883e+02 1.6416e-15
3.3891e+02 1.6416e-15
3.3899e+02 1.6600e-15
3.3906e+02 1.6784e-15
3.3913e+02 1.6784e-15
3.3921e+02 1.6784e-15
3.3929e+02 1.6967e-15
3.3936e+02 1.7151e-15
3.3944e+02 1.7151e-15
3.3951e+02 1.7151e-15
3.3958e+02 1.7334e-15
3.3966e+02 1.7518e-15
3.3974e+02 1.7518e-15
3.3981e+02 1.7518e-15
3.3988e+02 1.7701e-15
3.3996e+02 1.7883e-15
3.4004e+02 1.7883e-15
3.4011e+02 1.7883e-15
3.4019e+02 1.8066e-15
3.4026e+02 1.8249e-15
3.4033e+02 1.8249e-15
3.4041e+02 1.8249e-15
3.4049e+02 1.8174e-15
3.4056e+02 1.8100e-15
3.4063e+02 1.8100e-15
3.4071e+02 1.8100e-15
3.4079e+02 1.8026e-15
3.4086e+02 1.7952e-15
3.4094e+02 1.7952e-15
3.4101e+02 1.7952e-15
3.4108e+02 1.7878e-15
3.4116e+02 1.7804e-15
3.4124e+02 1.7804e-15
3.4131e+02 1.7804e-15
3.4138e+02 1.7731e-15
3.4146e+02 1.7657e-15
3.4154e+02 1.7657e-15
3.4161e+02 1.7657e-15
3.4169e+02 1.7583e-15
3.4176e+02 1.7509e-15
3.4183e+02 1.7509e-15
3.4191e+02 1.7509e-15
3.4199e+02 1.7436e-15
3.4206e+02 1.7362e-15
3.4213e+02 1.7362e-15
3.4221e+02 1.7362e-15
3.4229e+02 1.7289e-15
3.4236e+02 1.7215e-15
3.4244e+02 1.7215e-15
3.4251e+02 1.7215e-15
3.4258e+02 1.7142e-15
3.4266e+02 1.7069e-15
3.4274e+02 1.7069e-15
3.4281e+02 1.7069e-15
3.4288e+02 1.6996e-15
3.4296e+02 1.6923e-15
3.4304e+02 1.6923e-15
3.4311e+02 1.6923e-15
3.4319e+02 1.6850e-15
3.4326e+02 1.6777e-15
3.4333e+02 1.6777e-15
3.4341e+02 1.6777e-15
3.4349e+02 1.6782e-15
3.4356e+02 1.6788e-15
3.4363e+02 1.6788e-15
3.4371e+02 1.6788e-15
3.4379e+02 1.6793e-15
3.4386e+02 1.6799e-15
3.4394e+02 1.6799e-15
3.4401e+02 1.6799e-15
3.4408e+02 1.6805e-15
3.4416e+02 1.6810e-15
3.4424e+02 1.6810e-15
3.4431e+02 1.6810e-15
3.4438e+02 1.6816e-15
3.4446e+02 1.6821e-15
3.4454e+02 1.6821e-15
3.4461e+02 1.6821e-15
3.4469e+02 1.6827e-15
3.4476e+02 1.6833e-15
3.4483e+02 1.6833e-15
3.4491e+02 1.6833e-15
3.4499e+02 1.6838e-15
3.4506e+02 1.6844e-15
3.4513e+02 1.6844e-15
3.4521e+02 1.6844e-15
3.4529e+02 1.6849e-15
3.4536e+02 1.6855e-15
3.4544e+02 1.6855e-15
3.4551e+02 1.6855e-15
3.4558e+02 1.6860e-15
3.4566e+02 1.6866e-15
3.4574e+02 1.6866e-15
3.4581e+02 1.6866e-15
3.4588e+02 1.6872e-15
3.4596e+02 1.6877e-15
3.4604e+02 1.6877e-15
3.4611e+02 1.6877e-15
3.4619e+02 1.6883e-15
3.4626e+02 1.6888e-15
3.4633e+02 1.6888e-15
3.4641e+02 1.6888e-15
3.4649e+02 1.6865e-15
3.4656e+02 1.6842e-15
3.4663e+02 1.6842e-15
3.4671e+02 1.6842e-15
3.4679e+02 1.6819e-15
3.4686e+02 1.6797e-15
3.4694e+02 1.6797e-15
3.4701e+02 1.6797e-15
3.4708e+02 1.6774e-15
3.4716e+02 1.6751e-15
3.4724e+02 1.6751e-15
3.4731e+02 1.6751e-15
3.4738e+02 1.6728e-15
3.4746e+02 1.6705e-15
3.4754e+02 1.6705e-15
3.4761e+02 1.6705e-15
3.4769e+02 1.6683e-15
3.4776e+02 1.6660e-15
3.4783e+02 1.6660e-15
3.4791e+02 1.6660e-15
3.4799e+02 1.6637e-15
3.4806e+02 1.6615e-15
3.4813e+02 1.6615e-15
3.4821e+02 1.6615e-15
3.4829e+02 1.6592e-15
3.4836e+02 1.6569e-15
3.4844e+02 1.6569e-15
3.4851e+02 1.6569e-15
3.4858e+02 1.6547e-15
3.4866e+02 1.6524e-15
3.4874e+02 1.6524e-15
3.4881e+02 1.6524e-15
3.4888e+02 1.6501e-15
3.4896e+02 1.6479e-15
3.4904e+02 1.6479e-15
3.4911e+02 1.6479e-15
3.4919e+02 1.6456e-15
3.4926e+02 1.6434e-15
3.4933e+02 1.6434e-15
3.4941e+02 1.6434e-15
3.4949e+02 1.6077e-15
3.4956e+02 1.5720e-15
3.4963e+02 1.5720e-15
3.4971e+02 1.5720e-15
3.4979e+02 1.5364e-15
3.4986e+02 1.5008e-15
3.4994e+02 1.5008e-15
3.5001e+02 1.5008e-15
3.5008e+02 1.4653e-15
3.5016e+02 1.4298e-15
3.5024e+02 1.4298e-15
3.5031e+02 1.4298e-15
3.5038e+02 1.3943e-15
3.5046e+02 1.3588e-15
3.5054e+02 1.3588e-15
3.5061e+02 1.3588e-15
3.5069e+02 1.3234e-15
3.5076e+02 1.2880e-15
3.5083e+02 1.2880e-15
3.5091e+02 1.2880e-15
3.5099e+02 1.2526e-15
3.5106e+02 1.2172e-15
3.5113e+02 1.2172e-15
3.5121e+02 1.2172e-15
3.5129e+02 1.1820e-15
3.5136e+02 1.1466e-15
3.5144e+02 1.1466e-15
3.5151e+02 1.1466e-15
3.5158e+02 1.1114e-15
3.5166e+02 1.0762e-15
3.5174e+02 1.0762e-15
3.5181e+02 1.0762e-15
3.5188e+02 1.0410e-15
3.5196e+02 1.0058e-15
3.5204e+02 1.0058e-15
3.5211e+02 1.0058e-15
3.5219e+02 9.7070e-16
3.5226e+02 9.3558e-16
3.5233e+02 9.3558e-16
3.5241e+02 9.3558e-16
3.5249e+02 9.6608e-16
3.5256e+02 9.9658e-16
3.5263e+02 9.9658e-16
3.5271e+02 9.9658e-16
3.5279e+02 1.0270e-15
3.5286e+02 1.0575e-15
3.5294e+02 1.0575e-15
3.5301e+02 1.0575e-15
3.5308e+02 1.0879e-15
3.5316e+02 1.1183e-15
3.5324e+02 1.1183e-15
3.5331e+02 1.1183e-15
3.5338e+02 1.1486e-15
3.5346e+02 1.1790e-15
3.5354e+02 1.1790e-15
3.5361e+02 1.1790e-15
3.5369e+02 1.2092e-15
3.5376e+02 1.2395e-15
3.5383e+02 1.2395e-15
3.5391e+02 1.2395e-15
3.5399e+02 1.2698e-15
3.5406e+02 1.3000e-15
3.5413e+02 1.3000e-15
3.5421e+02 1.3000e-15
3.5429e+02 1.3302e-15
3.5436e+02 1.3604e-15
3.5444e+02 1.3604e-15
3.5451e+02 1.3604e-15
3.5458e+02 1.3905e-15
3.5466e+02 1.4207e-15
3.5474e+02 1.4207e-15
3.5481e+02 1.4207e-15
3.5488e+02 1.4508e-15
3.5496e+02 1.4809e-15
3.5504e+02 1.4809e-15
3.5511e+02 1.4809e-15
3.5519e+02 1.5109e-15
3.5526e+02 1.5409e-15
3.5533e+02 1.5409e-15
3.5541e+02 1.5409e-15
3.5549e+02 1.5352e-15
3.5556e+02 1.5295e-15
3.5563e+02 1.5295e-15
3.5571e+02 1.5295e-15
3.5579e+02 1.5238e-15
3.5586e+02 1.5182e-15
3.5594e+02 1.5182e-15
3.5601e+02 1.5182e-15
3.5608e+02 1.5125e-15
3.5616e+02 1.5068e-15
3.5624e+02 1.5068e-15
3.5631e+02 1.5068e-15
3.5638e+02 1.5011e-15
3.5646e+02 1.4954e-15
3.5654e+02 1.4954e-15
3.5661e+02 1.4954e-15
3.5669e+02 1.4898e-15
3.5676e+02 1.4841e-15
3.5683e+02 1.4841e-15
3.5691e+02 1.4841e-15
3.5699e+02 1.4785e-15
3.5706e+02 1.4728e-15
3.5713e+02 1.4728e-15
3.5721e+02 1.4728e-15
3.5729e+02 1.4672e-15
3.5736e+02 1.4615e-15
3.5744e+02 1.4615e-15
3.5751e+02 1.4615e-15
3.5758e+02 1.4559e-15
3.5766e+02 1.4503e-15
3.5774e+02 1.4503e-15
3.5781e+02 1.4503e-15
3.5788e+02 1.4446e-15
3.5796e+02 1.4390e-15
3.5804e+02 1.4390e-15
3.5811e+02 1.4390e-15
3.5819e+02 1.4334e-15
3.5826e+02 1.4278e-15
3.5833e+02 1.4278e-15
3.5841e+02 1.4278e-15
3.5849e+02 1.4119e-15
3.5856e+02 1.3961e-15
3.5863e+02 1.3961e-15
3.5871e+02 1.3961e-15
3.5879e+02 1.3803e-15
3.5886e+02 1.3644e-15
3.5894e+02 1.3644e-15
3.5901e+02 1.3644e-15
3.5908e+02 1.3487e-15
3.5916e+02 1.3329e-15
3.5924e+02 1.3329e-15
3.5931e+02 1.3329e-15
3.5938e+02 1.3171e-15
3.5946e+02 1.3013e-15
3.5954e+02 1.3013e-15
3.5961e+02 1.3013e-15
3.5969e+02 1.2856e-15
3.5976e+02 1.2698e-15
3.5983e+02 1.2698e-15
3.5991e+02 1.2698e-15
3.5999e+02 1.2541e-15
3.6006e+02 1.2384e-15
3.6013e+02 1.2384e-15
3.6021e+02 1.2384e-15
3.6029e+02 1.2227e-15
3.6036e+02 1.2070e-15
3.6044e+02 1.2070e-15
3.6051e+02 1.2070e-15
3.6058e+02 1.1914e-15
3.6066e+02 1.1757e-15
3.6074e+02 1.1757e-15
3.6081e+02 1.1757e-15
3.6088e+02 1.1601e-15
3.6096e+02 1.1444e-15
3.6104e+02 1.1444e-15
3.6111e+02 1.1444e-15
3.6119e+02 1.1288e-15
3.6126e+02 1.1132e-15
3.6133e+02 1.1132e-15
3.6141e+02 1.1132e-15
3.6149e+02 1.1019e-15
3.6156e+02 1.0906e-15
3.6163e+02 1.0906e-15
3.6171e+02 1.0906e-15
3.6179e+02 1.0794e-15
3.6186e+02 1.0681e-15
3.6194e+02 1.0681e-15
3.6201e+02 1.0681e-15
3.6208e+02 1.0569e-15
3.6216e+02 1.0456e-15
3.6224e+02 1.0456e-15
3.6231e+02 1.0456e-15
3.6238e+02 1.0344e-15
3.6246e+02 1.0232e-15
3.6254e+02 1.0232e-15
3.6261e+02 1.0232e-15
3.6269e+02 1.0119e-15
3.6276e+02 1.0007e-15
3.6283e+02 1.0007e-15
3.6291e+02 1.0007e-15
3.6299e+02 9.8954e-16
3.6306e+02 9.7834e-16
3.6313e+02 9.7834e-16
3.6321e+02 9.7834e-16
3.6329e+02 9.6717e-16
3.6336e+02 9.5600e-16
3.6344e+02 9.5600e-16
3.6351e+02 9.5600e-16
3.6358e+02 9.4484e-16
3.6366e+02 9.3369e-16
3.6374e+02 9.3369e-16
3.6381e+02 9.3369e-16
3.6388e+02 9.2255e-16
3.6396e+02 9.1141e-16
3.6404e+02 9.1141e-16
3.6411e+02 9.1141e-16
3.6419e+02 9.0029e-16
3.6426e+02 8.8916e-16
3.6433e+02 8.8916e-16
3.6441e+02 8.8916e-16
3.6449e+02 9.1204e-16
3.6456e+02 9.3491e-16
3.6463e+02 9.3491e-16
3.6471e+02 9.3491e-16
3.6479e+02 9.5774e-16
3.6486e+02 9.8057e-16
3.6494e+02 9.8057e-16
3.6501e+02 9.8057e-16
3.6508e+02 1.0034e-15
3.6516e+02 1.0262e-15
3.6524e+02 1.0262e-15
3.6531e+02 1.0262e-15
3.6538e+02 1.0489e-15
3.6546e+02 1.0717e-15
3.6554e+02 1.0717e-15
3.6561e+02 1.0717e-15
3.6569e+02 1.0944e-15
3.6576e+02 1.1171e-15
3.6583e+02 1.1171e-15
3.6591e+02 1.1171e-15
3.6599e+02 1.1398e-15
3.6606e+02 1.1625e-15
3.6613e+02 1.1625e-15
3.6621e+02 1.1625e-15
3.6629e+02 1.1851e-15
3.6636e+02 1.2078e-15
3.6644e+02 1.2078e-15
3.6651e+02 1.2078e-15
3.6658e+02 1.2304e-15
3.6666e+02 1.2530e-15
3.6674e+02 1.2530e-15
3.6681e+02 1.2530e-15
3.6688e+02 1.2756e-15
3.6696e+02 1.2981e-15
3.6704e+02 1.2981e-15
3.6711e+02 1.2981e-15
3.6719e+02 1.3207e-15
3.6726e+02 1.3432e-15
3.6733e+02 1.3432e-15
3.6741e+02 1.3432e-15
3.6749e+02 1.3515e-15
3.6756e+02 1.3597e-15
3.6763e+02 1.3597e-15
3.6771e+02 1.3597e-15
3.6779e+02 1.3679e-15
3.6786e+02 1.3762e-15
3.6794e+02 1.3762e-15
3.6801e+02 1.3762e-15
3.6808e+02 1.3844e-15
3.6816e+02 1.3926e-15
3.6824e+02 1.3926e-15
3.6831e+02 1.3926e-15
3.6838e+02 1.4008e-15
3.6846e+02 1.4090e-15
3.6854e+02 1.4090e-15
3.6861e+02 1.4090e-15
3.6869e+02 1.4172e-15
3.6876e+02 1.4254e-15
3.6883e+02 1.4254e-15
3.6891e+02 1.4254e-15
3.6899e+02 1.4336e-15
3.6906e+02 1.4417e-15
3.6913e+02 1.4417e-15
3.6921e+02 1.4417e-15
3.6929e+02 1.4499e-15
3.6936e+02 1.4581e-15
3.6944e+02 1.4581e-15
3.6951e+02 1.4581e-15
3.6958e+02 1.4662e-15
3.6966e+02 1.4744e-15
3.6974e+02 1.4744e-15
3.6981e+02 1.4744e-15
3.6988e+02 1.4825e-15
3.6996e+02 1.4907e-15
3.7004e+02 1.4907e-15
3.7011e+02 1.4907e-15
3.7019e+02 1.4988e-15
3.7026e+02 1.5069e-15
3.7033e+02 1.5069e-15
3.7041e+02 1.5069e-15
3.7049e+02 1.5064e-15
3.7056e+02 1.5059e-15
3.7063e+02 1.5059e-15
3.7071e+02 1.5059e-15
3.7079e+02 1.5053e-15
3.7086e+02 1.5048e-15
3.7094e+02 1.5048e-15
3.7101e+02 1.5048e-15
3.7108e+02 1.5043e-15
3.7116e+02 1.5038e-15
3.7124e+02 1.5038e-15
3.7131e+02 1.5038e-15
3.7138e+02 1.5033e-15
3.7146e+02 1.5028e-15
3.7154e+02 1.5028e-15
3.7161e+02 1.5028e-15
3.7169e+02 1.5023e-15
3.7176e+02 1.5017e-15
3.7183e+02 1.5017e-15
3.7191e+02 1.5017e-15
3.7199e+02 1.5012e-15
3.7206e+02 1.5007e-15
3.7213e+02 1.5007e-15
3.7221e+02 1.5007e-15
3.7229e+02 1.5002e-15
3.7236e+02 1.4997e-15
3.7244e+02 1.4997e-15
3.7251e+02 1.4997e-15
3.7258e+02 1.4992e-15
3.7266e+02 1.4987e-15
3.7274e+02 1.4987e-15
3.7281e+02 1.4987e-15
3.7288e+02 1.4981e-15
3.7296e+02 1.4976e-15
3.7304e+02 1.4976e-15
3.7311e+02 1.4976e-15
3.7319e+02 1.4971e-15
3.7326e+02 1.4966e-15
3.7333e+02 1.4966e-15
3.7341e+02 1.4966e-15
3.7349e+02 1.4930e-15
3.7356e+02 1.4893e-15
3.7363e+02 1.4893e-15
3.7371e+02 1.4893e-15
3.7379e+02 1.4857e-15
3.7386e+02 1.4820e-15
3.7394e+02 1.4820e-15
3.7401e+02 1.4820e-15
3.7408e+02 1.4784e-15
3.7416e+02 1.4748e-15
3.7424e+02 1.4748e-15
3.7431e+02 1.4748e-15
3.7438e+02 1.4711e-15
3.7446e+02 1.4675e-15
3.7454e+02 1.4675e-15
3.7461e+02 1.4675e-15
3.7469e+02 1.4639e-15
3.7476e+02 1.4603e-15
3.7483e+02 1.4603e-15
3.7491e+02 1.4603e-15
3.7499e+02 1.4566e-15
3.7506e+02 1.4530e-15
3.7513e+02 1.4530e-15
3.7521e+02 1.4530e-15
3.7529e+02 1.4494e-15
3.7536e+02 1.4458e-15
3.7544e+02 1.4458e-15
3.7551e+02 1.4458e-15
3.7558e+02 1.4422e-15
3.7566e+02 1.4386e-15
3.7574e+02 1.4386e-15
3.7581e+02 1.4386e-15
3.7588e+02 1.4350e-15
3.7596e+02 1.4314e-15
3.7604e+02 1.4314e-15
3.7611e+02 1.4314e-15
3.7619e+02 1.4278e-15
3.7626e+02 1.4242e-15
3.7633e+02 1.4242e-15
3.7641e+02 1.4242e-15
3.7649e+02 1.4253e-15
3.7656e+02 1.4265e-15
3.7663e+02 1.4265e-15
3.7671e+02 1.4265e-15
3.7679e+02 1.4277e-15
3.7686e+02 1.4288e-15
3.7694e+02 1.4288e-15
3.7701e+02 1.4288e-15
3.7708e+02 1.4299e-15
3.7716e+02 1.4311e-15
3.7724e+02 1.4311e-15
3.7731e+02 1.4311e-15
3.7738e+02 1.4322e-15
3.7746e+02 1.4334e-15
3.7754e+02 1.4334e-15
3.7761e+02 1.4334e-15
3.7769e+02 1.4345e-15
3.7776e+02 1.4357e-15
3.7783e+02 1.4357e-15
3.7791e+02 1.4357e-15
3.7799e+02 1.4368e-15
3.7806e+02 1.4380e-15
3.7813e+02 1.4380e-15
3.7821e+02 1.4380e-15
3.7829e+02 1.4391e-15
3.7836e+02 1.4402e-15
3.7844e+02 1.4402e-15
3.7851e+02 1.4402e-15
3.7858e+02 1.4414e-15
3.7866e+02 1.4425e-15
3.7874e+02 1.4425e-15
3.7881e+02 1.4425e-15
3.7888e+02 1.4437e-15
3.7896e+02 1.4448e-15
3.7904e+02 1.4448e-15
3.7911e+02 1.4448e-15
3.7919e+02 1.4459e-15
3.7926e+02 1.4471e-15
3.7933e+02 1.4471e-15
3.7941e+02 1.4471e-15
3.7949e+02 1.4500e-15
3.7956e+02 1.4529e-15
3.7963e+02 1.4529e-15
3.7971e+02 1.4529e-15
3.7979e+02 1.4559e-15
3.7986e+02 1.4588e-15
3.7994e+02 1.4588e-15
3.8001e+02 1.4588e-15
3.8008e+02 1.4618e-15
3.8016e+02 1.4647e-15
3.8024e+02 1.4647e-15
3.8031e+02 1.4647e-15
3.8038e+02 1.4676e-15
3.8046e+02 1.4706e-15
3.8054e+02 1.4706e-15
3.8061e+02 1.4706e-15
3.8069e+02 1.4735e-15
3.8076e+02 1.4764e-15
3.8083e+02 1.4764e-15
3.8091e+02 1.4764e-15
3.8099e+02 1.4793e-15
3.8106e+02 1.4823e-15
3.8113e+02 1.4823e-15
3.8121e+02 1.4823e-15
3.8129e+02 1.4852e-15
3.8136e+02 1.4881e-15
3.8144e+02 1.4881e-15
3.8151e+02 1.4881e-15
3.8158e+02 1.4910e-15
3.8166e+02 1.4939e-15
3.8174e+02 1.4939e-15
3.8181e+02 1.4939e-15
3.8188e+02 1.4968e-15
3.8196e+02 1.4998e-15
3.8204e+02 1.4998e-15
3.8211e+02 1.4998e-15
3.8219e+02 1.5027e-15
3.8226e+02 1.5056e-15
3.8233e+02 1.5056e-15
3.8241e+02 1.5056e-15
3.8249e+02 1.5047e-15
3.8256e+02 1.5038e-15
3.8263e+02 1.5038e-15
3.8271e+02 1.5038e-15
3.8279e+02 1.5029e-15
3.8286e+02 1.5020e-15
3.8294e+02 1.5020e-15
3.8301e+02 1.5020e-15
3.8308e+02 1.5012e-15
3.8316e+02 1.5003e-15
3.8324e+02 1.5003e-15
3.8331e+02 1.5003e-15
3.8338e+02 1.4994e-15
3.8346e+02 1.4985e-15
3.8354e+02 1.4985e-15
3.8361e+02 1.4985e-15
3.8369e+02 1.4977e-15
3.8376e+02 1.4968e-15
3.8383e+02 1.4968e-15
3.8391e+02 1.4968e-15
3.8399e+02 1.4959e-15
3.8406e+02 1.4950e-15
3.8413e+02 1.4950e-15
3.8421e+02 1.4950e-15
3.8429e+02 1.4941e-15
3.8436e+02 1.4933e-15
3.8444e+02 1.4933e-15
3.8451e+02 1.4933e-15
3.8458e+02 1.4924e-15
3.8466e+02 1.4915e-15
3.8474e+02 1.4915e-15
3.8481e+02 1.4915e-15
3.8488e+02 1.4907e-15
3.8496e+02 1.4898e-15
3.8504e+02 1.4898e-15
3.8511e+02 1.4898e-15
3.8519e+02 1.4889e-15
3.8526e+02 1.4880e-15
3.8533e+02 1.4880e-15
3.8541e+02 1.4880e-15
3.8549e+02 1.4751e-15
3.8556e+02 1.4623e-15
3.8563e+02 1.4623e-15
3.8571e+02 1.4623e-15
3.8579e+02 1.4494e-15
3.8586e+02 1.4365e-15
3.8594e+02 1.4365e-15
3.8601e+02 1.4365e-15
3.8608e+02 1.4236e-15
3.8616e+02 1.4108e-15
3.8624e+02 1.4108e-15
3.8631e+02 1.4108e-15
3.8638e+02 1.3979e-15
3.8646e+02 1.3851e-15
3.8654e+02 1.3851e-15
3.8661e+02 1.3851e-15
3.8669e+02 1.3723e-15
3.8676e+02 1.3595e-15
3.8683e+02 1.3595e-15
3.8691e+02 1.3595e-15
3.8699e+02 1.3467e-15
3.8706e+02 1.3339e-15
3.8713e+02 1.3339e-15
3.8721e+02 1.3339e-15
3.8729e+02 1.3211e-15
3.8736e+02 1.3083e-15
3.8744e+02 1.3083e-15
3.8751e+02 1.3083e-15
3.8758e+02 1.2956e-15
3.8766e+02 1.2828e-15
3.8774e+02 1.2828e-15
3.8781e+02 1.2828e-15
3.8788e+02 1.2701e-15
3.8796e+02 1.2573e-15
3.8804e+02 1.2573e-15
3.8811e+02 1.2573e-15
3.8819e+02 1.2446e-15
3.8826e+02 1.2319e-15
3.8833e+02 1.2319e-15
3.8841e+02 1.2319e-15
3.8849e+02 1.2345e-15
3.8856e+02 1.2371e-15
3.8863e+02 1.2371e-15
3.8871e+02 1.2371e-15
3.8879e+02 1.2397e-15
3.8886e+02 1.2423e-15
3.8894e+02 1.2423e-15
3.8901e+02 1.2423e-15
3.8908e+02 1.2449e-15
3.8916e+02 1.2475e-15
3.8924e+02 1.2475e-15
3.8931e+02 1.2475e-15
3.8938e+02 1.2501e-15
3.8946e+02 1.2527e-15
3.8954e+02 1.2527e-15
3.8961e+02 1.2527e-15
3.8969e+02 1.2553e-15
3.8976e+02 1.2579e-15
3.8983e+02 1.2579e-15
3.8991e+02 1.2579e-15
3.8999e+02 1.2605e-15
3.9006e+02 1.2631e-15
3.9013e+02 1.2631e-15
3.9021e+02 1.2631e-15
3.9029e+02 1.2656e-15
3.9036e+02 1.2682e-15
3.9044e+02 1.2682e-15
3.9051e+02 1.2682e-15
3.9058e+02 1.2708e-15
3.9066e+02 1.2734e-15
3.9074e+02 1.2734e-15
3.9081e+02 1.2734e-15
3.9088e+02 1.2760e-15
3.9096e+02 1.2785e-15
3.9104e+02 1.2785e-15
3.9111e+02 1.2785e-15
3.9119e+02 1.2811e-15
3.9126e+02 1.2837e-15
3.9133e+02 1.2837e-15
3.9141e+02 1.2837e-15
3.9149e+02 1.2918e-15
3.9156e+02 1.2999e-15
3.9163e+02 1.2999e-15
3.9171e+02 1.2999e-15
3.9179e+02 1.3080e-15
3.9186e+02 1.3162e-15
3.9194e+02 1.3162e-15
3.9201e+02 1.3162e-15
3.9208e+02 1.3243e-15
3.9216e+02 1.3324e-15
3.9224e+02 1.3324e-15
3.9231e+02 1.3324e-15
3.9238e+02 1.3404e-15
3.9246e+02 1.3485e-15
3.9254e+02 1.3485e-15
3.9261e+02 1.3485e-15
3.9269e+02 1.3566e-15
3.9276e+02 1.3647e-15
3.9283e+02 1.3647e-15
3.9291e+02 1.3647e-15
3.9299e+02 1.3727e-15
3.9306e+02 1.3808e-15
3.9313e+02 1.3808e-15
3.9321e+02 1.3808e-15
3.9329e+02 1.3888e-15
3.9336e+02 1.3969e-15
3.9344e+02 1.3969e-15
3.9351e+02 1.3969e-15
3.9358e+02 1.4049e-15
3.9366e+02 1.4130e-15
3.9374e+02 1.4130e-15
3.9381e+02 1.4130e-15
3.9388e+02 1.4210e-15
3.9396e+02 1.4290e-15
3.9404e+02 1.4290e-15
3.9411e+02 1.4290e-15
3.9419e+02 1.4370e-15
3.9426e+02 1.4450e-15
3.9433e+02 1.4450e-15
3.9441e+02 1.4450e-15
3.9449e+02 1.4401e-15
3.9456e+02 1.4352e-15
3.9463e+02 1.4352e-15
3.9471e+02 1.4352e-15
3.9479e+02 1.4303e-15
3.9486e+02 1.4254e-15
3.9494e+02 1.4254e-15
3.9501e+02 1.4254e-15
3.9508e+02 1.4205e-15
3.9516e+02 1.4156e-15
3.9524e+02 1.4156e-15
3.9531e+02 1.4156e-15
3.9538e+02 1.4107e-15
3.9546e+02 1.4058e-15
3.9554e+02 1.4058e-15
3.9561e+02 1.4058e-15
3.9569e+02 1.4009e-15
3.9576e+02 1.3960e-15
3.9583e+02 1.3960e-15
3.9591e+02 1.3960e-15
3.9599e+02 1.3911e-15
3.9606e+02 1.3863e-15
3.9613e+02 1.3863e-15
3.9621e+02 1.3863e-15
3.9629e+02 1.3814e-15
3.9636e+02 1.3765e-15
3.9644e+02 1.3765e-15
3.9651e+02 1.3765e-15
3.9658e+02 1.3716e-15
3.9666e+02 1.3668e-15
3.9674e+02 1.3668e-15
3.9681e+02 1.3668e-15
3.9688e+02 1.3619e-15
3.9696e+02 1.3571e-15
3.9704e+02 1.3571e-15
3.9711e+02 1.3571e-15
3.9719e+02 1.3522e-15
3.9726e+02 1.3474e-15
3.9733e+02 1.3474e-15
3.9741e+02 1.3474e-15
3.9749e+02 1.3446e-15
3.9756e+02 1.3419e-15
3.9763e+02 1.3419e-15
3.9771e+02 1.3419e-15
3.9779e+02 1.3392e-15
3.9786e+02 1.3365e-15
3.9794e+02 1.3365e-15
3.9801e+02 1.3365e-15
3.9808e+02 1.3338e-15
3.9816e+02 1.3311e-15
3.9824e+02 1.3311e-15
3.9831e+02 1.3311e-15
3.9838e+02 1.3283e-15
3.9846e+02 1.3256e-15
3.9854e+02 1.3256e-15
3.9861e+02 1.3256e-15
3.9869e+02 1.3229e-15
3.9876e+02 1.3202e-15
3.9883e+02 1.3202e-15
3.9891e+02 1.3202e-15
3.9899e+02 1.3175e-15
3.9906e+02 1.3148e-15
3.9913e+02 1.3148e-15
3.9921e+02 1.3148e-15
3.9929e+02 1.3121e-15
3.9936e+02 1.3094e-15
3.9944e+02 1.3094e-15
3.9951e+02 1.3094e-15
3.9958e+02 1.3067e-15
3.9966e+02 1.3041e-15
3.9974e+02 1.3041e-15
3.9981e+02 1.3041e-15
3.9988e+02 1.3014e-15
3.9996e+02 1.2987e-15
4.0004e+02 1.2987e-15
4.0011e+02 1.2987e-15
4.0019e+02 1.2960e-15
4.0026e+02 1.2933e-15
4.0033e+02 1.2933e-15
4.0041e+02 1.2933e-15
4.0049e+02 1.2946e-15
4.0056e+02 1.2958e-15
4.0063e+02 1.2958e-15
4.0071e+02 1.2958e-15
4.0079e+02 1.2970e-15
4.0086e+02 1.2983e-15
4.0094e+02 1.2983e-15
4.0101e+02 1.2983e-15
4.0108e+02 1.2995e-15
4.0116e+02 1.3008e-15
4.0124e+02 1.3008e-15
4.0131e+02 1.3008e-15
4.0138e+02 1.3020e-15
4.0146e+02 1.3033e-15
4.0154e+02 1.3033e-15
4.0161e+02 1.3033e-15
4.0169e+02 1.3045e-15
4.0176e+02 1.3058e-15
4.0183e+02 1.3058e-15
4.0191e+02 1.3058e-15
4.0199e+02 1.3070e-15
4.0206e+02 1.3082e-15
4.0213e+02 1.3082e-15
4.0221e+02 1.3082e-15
4.0229e+02 1.3095e-15
4.0236e+02 1.3107e-15
4.0244e+02 1.3107e-15
4.0251e+02 1.3107e-15
4.0258e+02 1.3119e-15
4.0266e+02 1.3132e-15
4.0274e+02 1.3132e-15
4.0281e+02 1.3132e-15
4.0288e+02 1.3144e-15
4.0296e+02 1.3156e-15
4.0304e+02 1.3156e-15
4.0311e+02 1.3156e-15
4.0319e+02 1.3169e-15
4.0326e+02 1.3181e-15
4.0333e+02 1.3181e-15
4.0341e+02 1.3181e-15
4.0349e+02 1.3169e-15
4.0356e+02 1.3156e-15
4.0363e+02 1.3156e-15
4.0371e+02 1.3156e-15
4.0379e+02 1.3143e-15
4.0386e+02 1.3131e-15
4.0394e+02 1.3131e-15
4.0401e+02 1.3131e-15
4.0408e+02 1.3118e-15
4.0416e+02 1.3106e-15
4.0424e+02 1.3106e-15
4.0431e+02 1.3106e-15
4.0438e+02 1.3093e-15
4.0446e+02 1.3081e-15
4.0454e+02 1.3081e-15
4.0461e+02 1.3081e-15
4.0469e+02 1.3068e-15
4.0476e+02 1.3056e-15
4.0483e+02 1.3056e-15
4.0491e+02 1.3056e-15
4.0499e+02 1.3043e-15
4.0506e+02 1.3031e-15
4.0513e+02 1.3031e-15
4.0521e+02 1.3031e-15
4.0529e+02 1.3019e-15
4.0536e+02 1.3006e-15
4.0544e+02 1.3006e-15
4.0551e+02 1.3006e-15
4.0558e+02 1.2994e-15
4.0566e+02 1.2981e-15
4.0574e+02 1.2981e-15
4.0581e+02 1.2981e-15
4.0588e+02 1.2969e-15
4.0596e+02 1.2956e-15
4.0604e+02 1.2956e-15
4.0611e+02 1.2956e-15
4.0619e+02 1.2944e-15
4.0626e+02 1.2932e-15
4.0633e+02 1.2932e-15
4.0641e+02 1.2932e-15
4.0649e+02 1.2881e-15
4.0656e+02 1.2830e-15
4.0663e+02 1.2830e-15
4.0671e+02 1.2830e-15
4.0679e+02 1.2779e-15
4.0686e+02 1.2729e-15
4.0694e+02 1.2729e-15
4.0701e+02 1.2729e-15
4.0708e+02 1.2678e-15
4.0716e+02 1.2628e-15
4.0724e+02 1.2628e-15
4.0731e+02 1.2628e-15
4.0738e+02 1.2577e-15
4.0746e+02 1.2527e-15
4.0754e+02 1.2527e-15
4.0761e+02 1.2527e-15
4.0769e+02 1.2476e-15
4.0776e+02 1.2426e-15
4.0783e+02 1.2426e-15
4.0791e+02 1.2426e-15
4.0799e+02 1.2375e-15
4.0806e+02 1.2325e-15
4.0813e+02 1.2325e-15
4.0821e+02 1.2325e-15
4.0829e+02 1.2275e-15
4.0836e+02 1.2224e-15
4.0844e+02 1.2224e-15
4.0851e+02 1.2224e-15
4.0858e+02 1.2174e-15
4.0866e+02 1.2124e-15
4.0874e+02 1.2124e-15
4.0881e+02 1.2124e-15
4.0888e+02 1.2074e-15
4.0896e+02 1.2024e-15
4.0904e+02 1.2024e-15
4.0911e+02 1.2024e-15
4.0919e+02 1.1974e-15
4.0926e+02 1.1924e-15
4.0933e+02 1.1924e-15
4.0941e+02 1.1924e-15
4.0949e+02 1.1904e-15
4.0956e+02 1.1885e-15
4.0963e+02 1.1885e-15
4.0971e+02 1.1885e-15
4.0979e+02 1.1865e-15
4.0986e+02 1.1846e-15
4.0994e+02 1.1846e-15
4.1001e+02 1.1846e-15
4.1008e+02 1.1827e-15
4.1016e+02 1.1808e-15
4.1024e+02 1.1808e-15
4.1031e+02 1.1808e-15
4.1038e+02 1.1788e-15
4.1046e+02 1.1769e-15
4.1054e+02 1.1769e-15
4.1061e+02 1.1769e-15
4.1069e+02 1.1750e-15
4.1076e+02 1.1731e-15
4.1083e+02 1.1731e-15
4.1091e+02 1.1731e-15
4.1099e+02 1.1711e-15
4.1106e+02 1.1692e-15
4.1113e+02 1.1692e-15
4.1121e+02 1.1692e-15
4.1129e+02 1.1673e-15
4.1136e+02 1.1654e-15
4.1144e+02 1.1654e-15
4.1151e+02 1.1654e-15
4.1158e+02 1.1635e-15
4.1166e+02 1.1615e-15
4.1174e+02 1.1615e-15
4.1181e+02 1.1615e-15
4.1188e+02 1.1596e-15
4.1196e+02 1.1577e-15
4.1204e+02 1.1577e-15
4.1211e+02 1.1577e-15
4.1219e+02 1.1558e-15
4.1226e+02 1.1539e-15
4.1233e+02 1.1539e-15
4.1241e+02 1.1539e-15
4.1249e+02 1.1523e-15
4.1256e+02 1.1507e-15
4.1263e+02 1.1507e-15
4.1271e+02 1.1507e-15
4.1279e+02 1.1491e-15
4.1286e+02 1.1475e-15
4.1294e+02 1.1475e-15
4.1301e+02 1.1475e-15
4.1308e+02 1.1459e-15
4.1316e+02 1.1443e-15
4.1324e+02 1.1443e-15
4.1331e+02 1.1443e-15
4.1338e+02 1.1428e-15
4.1346e+02 1.1412e-15
4.1354e+02 1.1412e-15
4.1361e+02 1.1412e-15
4.1369e+02 1.1396e-15
4.1376e+02 1.1380e-15
4.1383e+02 1.1380e-15
4.1391e+02 1.1380e-15
4.1399e+02 1.1364e-15
4.1406e+02 1.1348e-15
4.1413e+02 1.1348e-15
4.1421e+02 1.1348e-15
4.1429e+02 1.1333e-15
4.1436e+02 1.1317e-15
4.1444e+02 1.1317e-15
4.1451e+02 1.1317e-15
4.1458e+02 1.1301e-15
4.1466e+02 1.1285e-15
4.1474e+02 1.1285e-15
4.1481e+02 1.1285e-15
4.1488e+02 1.1269e-15
4.1496e+02 1.1254e-15
4.1504e+02 1.1254e-15
4.1511e+02 1.1254e-15
4.1519e+02 1.1238e-15
4.1526e+02 1.1222e-15
4.1533e+02 1.1222e-15
4.1541e+02 1.1222e-15
4.1549e+02 1.1046e-15
4.1556e+02 1.0870e-15
4.1563e+02 1.0870e-15
4.1571e+02 1.0870e-15
4.1579e+02 1.0694e-15
4.1586e+02 1.0518e-15
4.1594e+02 1.0518e-15
4.1601e+02 1.0518e-15
4.1608e+02 1.0342e-15
4.1616e+02 1.0167e-15
4.1624e+02 1.0167e-15
4.1631e+02 1.0167e-15
4.1638e+02 9.9913e-16
4.1646e+02 9.8158e-16
4.1654e+02 9.8158e-16
4.1661e+02 9.8158e-16
4.1669e+02 9.6407e-16
4.1676e+02 9.4655e-16
4.1683e+02 9.4655e-16
4.1691e+02 9.4655e-16
4.1699e+02 9.2906e-16
4.1706e+02 9.1156e-16
4.1713e+02 9.1156e-16
4.1721e+02 9.1156e-16
4.1729e+02 8.9410e-16
4.1736e+02 8.7663e-16
4.1744e+02 8.7663e-16
4.1751e+02 8.7663e-16
4.1758e+02 8.5919e-16
4.1766e+02 8.4174e-16
4.1774e+02 8.4174e-16
4.1781e+02 8.4174e-16
4.1788e+02 8.2433e-16
4.1796e+02 8.0691e-16
4.1804e+02 8.0691e-16
4.1811e+02 8.0691e-16
4.1819e+02 7.8952e-16
4.1826e+02 7.7213e-16
4.1833e+02 7.7213e-16
4.1841e+02 7.7213e-16
4.1849e+02 7.7430e-16
4.1856e+02 7.7647e-16
4.1863e+02 7.7647e-16
4.1871e+02 7.7647e-16
4.1879e+02 7.7864e-16
4.1886e+02 7.8081e-16
4.1894e+02 7.8081e-16
4.1901e+02 7.8081e-16
4.1908e+02 7.8297e-16
4.1916e+02 7.8514e-16
4.1924e+02 7.8514e-16
4.1931e+02 7.8514e-16
4.1938e+02 7.8730e-16
4.1946e+02 7.8947e-16
4.1954e+02 7.8947e-16
4.1961e+02 7.8947e-16
4.1969e+02 7.9163e-16
4.1976e+02 7.9379e-16
4.1983e+02 7.9379e-16
4.1991e+02 7.9379e-16
4.1999e+02 7.9594e-16
4.2006e+02 7.9810e-16
4.2013e+02 7.9810e-16
4.2021e+02 7.9810e-16
4.2029e+02 8.0025e-16
4.2036e+02 8.0241e-16
4.2044e+02 8.0241e-16
4.2051e+02 8.0241e-16
4.2058e+02 8.0456e-16
4.2066e+02 8.0671e-16
4.2074e+02 8.0671e-16
4.2081e+02 8.0671e-16
4.2088e+02 8.0886e-16
4.2096e+02 8.1101e-16
4.2104e+02 8.1101e-16
4.2111e+02 8.1101e-16
4.2119e+02 8.1315e-16
4.2126e+02 8.1529e-16
4.2133e+02 8.1529e-16
4.2141e+02 8.1529e-16
4.2149e+02 8.2477e-16
4.2156e+02 8.3424e-16
4.2163e+02 8.3424e-16
4.2171e+02 8.3424e-16
4.2179e+02 8.4370e-16
4.2186e+02 8.5316e-16
4.2194e+02 8.5316e-16
4.2201e+02 8.5316e-16
4.2208e+02 8.6261e-16
4.2216e+02 8.7206e-16
4.2224e+02 8.7206e-16
4.2231e+02 8.7206e-16
4.2238e+02 8.8149e-16
4.2246e+02 8.9093e-16
4.2254e+02 8.9093e-16
4.2261e+02 8.9093e-16
4.2269e+02 9.0035e-16
4.2276e+02 9.0977e-16
4.2283e+02 9.0977e-16
4.2291e+02 9.0977e-16
4.2299e+02 9.1918e-16
4.2306e+02 9.2859e-16
4.2313e+02 9.2859e-16
4.2321e+02 9.2859e-16
4.2329e+02 9.3798e-16
4.2336e+02 9.4737e-16
4.2344e+02 9.4737e-16
4.2351e+02 9.4737e-16
4.2358e+02 9.5676e-16
4.2366e+02 9.6614e-16
4.2374e+02 9.6614e-16
4.2381e+02 9.6614e-16
4.2388e+02 9.7550e-16
4.2396e+02 9.8487e-16
4.2404e+02 9.8487e-16
4.2411e+02 9.8487e-16
4.2419e+02 9.9422e-16
4.2426e+02 1.0036e-15
4.2433e+02 1.0036e-15
4.2441e+02 1.0036e-15
4.2449e+02 1.0016e-15
4.2456e+02 9.9971e-16
4.2463e+02 9.9971e-16
4.2471e+02 9.9971e-16
4.2479e+02 9.9778e-16
4.2486e+02 9.9585e-16
4.2494e+02 9.9585e-16
4.2501e+02 9.9585e-16
4.2508e+02 9.9392e-16
4.2516e+02 9.9199e-16
4.2524e+02 9.9199e-16
4.2531e+02 9.9199e-16
4.2538e+02 9.9007e-16
4.2546e+02 9.8814e-16
4.2554e+02 9.8814e-16
4.2561e+02 9.8814e-16
4.2569e+02 9.8622e-16
4.2576e+02 9.8430e-16
4.2583e+02 9.8430e-16
4.2591e+02 9.8430e-16
4.2599e+02 9.8238e-16
4.2606e+02 9.8045e-16
4.2613e+02 9.8045e-16
4.2621e+02 9.8045e-16
4.2629e+02 9.7854e-16
4.2636e+02 9.7662e-16
4.2644e+02 9.7662e-16
4.2651e+02 9.7662e-16
4.2658e+02 9.7471e-16
4.2666e+02 9.7279e-16
4.2674e+02 9.7279e-16
4.2681e+02 9.7279e-16
4.2688e+02 9.7088e-16
4.2696e+02 9.6897e-16
4.2704e+02 9.6897e-16
4.2711e+02 9.6897e-16
4.2719e+02 9.6706e-16
4.2726e+02 9.6514e-16
4.2733e+02 9.6514e-16
4.2741e+02 9.6514e-16
4.2749e+02 9.6721e-16
4.2756e+02 9.6927e-16
4.2763e+02 9.6927e-16
4.2771e+02 9.6927e-16
4.2779e+02 9.7133e-16
4.2786e+02 9.7339e-16
4.2794e+02 9.7339e-16
4.2801e+02 9.7339e-16
4.2808e+02 9.7545e-16
4.2816e+02 9.7751e-16
4.2824e+02 9.7751e-16
4.2831e+02 9.7751e-16
4.2838e+02 9.7956e-16
4.2846e+02 9.8161e-16
4.2854e+02 9.8161e-16
4.2861e+02 9.8161e-16
4.2869e+02 9.8366e-16
4.2876e+02 9.8572e-16
4.2883e+02 9.8572e-16
4.2891e+02 9.8572e-16
4.2899e+02 9.8776e-16
4.2906e+02 9.8981e-16
4.2913e+02 9.8981e-16
4.2921e+02 9.8981e-16
4.2929e+02 9.9186e-16
4.2936e+02 9.9390e-16
4.2944e+02 9.9390e-16
4.2951e+02 9.9390e-16
4.2958e+02 9.9595e-16
4.2966e+02 9.9799e-16
4.2974e+02 9.9799e-16
4.2981e+02 9.9799e-16
4.2988e+02 1.0000e-15
4.2996e+02 1.0021e-15
4.3004e+02 1.0021e-15
4.3011e+02 1.0021e-15
4.3019e+02 1.0041e-15
4.3026e+02 1.0061e-15
4.3033e+02 1.0061e-15
4.3041e+02 1.0061e-15
4.3049e+02 1.0072e-15
4.3056e+02 1.0082e-15
4.3063e+02 1.0082e-15
4.3071e+02 1.0082e-15
4.3079e+02 1.0092e-15
4.3086e+02 1.0103e-15
4.3094e+02 1.0103e-15
4.3101e+02 1.0103e-15
4.3108e+02 1.0113e-15
4.3116e+02 1.0124e-15
4.3124e+02 1.0124e-15
4.3131e+02 1.0124e-15
4.3138e+02 1.0134e-15
4.3146e+02 1.0144e-15
4.3154e+02 1.0144e-15
4.3161e+02 1.0144e-15
4.3169e+02 1.0155e-15
4.3176e+02 1.0165e-15
4.3183e+02 1.0165e-15
4.3191e+02 1.0165e-15
4.3199e+02 1.0175e-15
4.3206e+02 1.0185e-15
4.3213e+02 1.0185e-15
4.3221e+02 1.0185e-15
4.3229e+02 1.0196e-15
4.3236e+02 1.0206e-15
4.3244e+02 1.0206e-15
4.3251e+02 1.0206e-15
4.3258e+02 1.0186e-15
4.3266e+02 1.0166e-15
4.3274e+02 1.0166e-15
4.3281e+02 1.0166e-15
4.3288e+02 1.0146e-15
4.3296e+02 1.0126e-15
4.3304e+02 1.0126e-15
4.3311e+02 1.0126e-15
4.3319e+02 1.0106e-15
4.3326e+02 1.0087e-15
4.3333e+02 1.0087e-15
4.3341e+02 1.0087e-15
4.3349e+02 1.0067e-15
4.3356e+02 1.0047e-15
4.3363e+02 1.0047e-15
4.3371e+02 1.0047e-15
4.3379e+02 1.0027e-15
4.3386e+02 1.0007e-15
4.3394e+02 1.0007e-15
4.3401e+02 1.0007e-15
4.3408e+02 9.9854e-16
4.3416e+02 9.9636e-16
4.3424e+02 9.9636e-16
4.3431e+02 9.9636e-16
4.3438e+02 9.9418e-16
4.3446e+02 9.9199e-16
4.3454e+02 9.9199e-16
4.3461e+02 9.9199e-16
4.3469e+02 9.8982e-16
4.3476e+02 9.8764e-16
4.3483e+02 9.8764e-16
4.3491e+02 9.8764e-16
4.3499e+02 9.8547e-16
4.3506e+02 9.8329e-16
4.3513e+02 9.8329e-16
4.3521e+02 9.8329e-16
4.3529e+02 9.8112e-16
4.3536e+02 9.7895e-16
4.3544e+02 9.7895e-16
4.3551e+02 9.7895e-16
4.3558e+02 9.7678e-16
4.3566e+02 9.7462e-16
4.3574e+02 9.7462e-16
4.3581e+02 9.7462e-16
4.3588e+02 9.7246e-16
4.3596e+02 9.7029e-16
4.3604e+02 9.7029e-16
4.3611e+02 9.7029e-16
4.3619e+02 9.6813e-16
4.3626e+02 9.6597e-16
4.3633e+02 9.6597e-16
4.3641e+02 9.6597e-16
4.3649e+02 9.6178e-16
4.3656e+02 9.5759e-16
4.3663e+02 9.5759e-16
4.3671e+02 9.5759e-16
4.3679e+02 9.5341e-16
4.3686e+02 9.4923e-16
4.3694e+02 9.4923e-16
4.3701e+02 9.4923e-16
4.3708e+02 9.4506e-16
4.3716e+02 9.4089e-16
4.3724e+02 9.4089e-16
4.3731e+02 9.4089e-16
4.3738e+02 9.3672e-16
4.3746e+02 9.3255e-16
4.3754e+02 9.3255e-16
4.3761e+02 9.3255e-16
4.3769e+02 9.2839e-16
4.3776e+02 9.2423e-16
4.3783e+02 9.2423e-16
4.3791e+02 9.2423e-16
4.3799e+02 9.2007e-16
4.3806e+02 9.1591e-16
4.3813e+02 9.1591e-16
4.3821e+02 9.1591e-16
4.3829e+02 9.1176e-16
4.3836e+02 9.0761e-16
4.3844e+02 9.0761e-16
4.3851e+02 9.0761e-16
4.3858e+02 9.0347e-16
4.3866e+02 8.9932e-16
4.3874e+02 8.9932e-16
4.3881e+02 8.9932e-16
4.3888e+02 8.9518e-16
4.3896e+02 8.9104e-16
4.3904e+02 8.9104e-16
4.3911e+02 8.9104e-16
4.3919e+02 8.8691e-16
4.3926e+02 8.8278e-16
4.3933e+02 8.8278e-16
4.3941e+02 8.8278e-16
4.3949e+02 8.8383e-16
4.3956e+02 8.8488e-16
4.3963e+02 8.8488e-16
4.3971e+02 8.8488e-16
4.3979e+02 8.8594e-16
4.3986e+02 8.8699e-16
4.3994e+02 8.8699e-16
4.4001e+02 8.8699e-16
4.4008e+02 8.8804e-16
4.4016e+02 8.8909e-16
4.4024e+02 8.8909e-16
4.4031e+02 8.8909e-16
4.4038e+02 8.9014e-16
4.4046e+02 8.9119e-16
4.4054e+02 8.9119e-16
4.4061e+02 8.9119e-16
4.4069e+02 8.9224e-16
4.4076e+02 8.9328e-16
4.4083e+02 8.9328e-16
4.4091e+02 8.9328e-16
4.4099e+02 8.9433e-16
4.4106e+02 8.9538e-16
4.4113e+02 8.9538e-16
4.4121e+02 8.9538e-16
4.4129e+02 8.9642e-16
4.4136e+02 8.9747e-16
4.4144e+02 8.9747e-16
4.4151e+02 8.9747e-16
4.4158e+02 8.9851e-16
4.4166e+02 8.9956e-16
4.4174e+02 8.9956e-16
4.4181e+02 8.9956e-16
4.4188e+02 9.0060e-16
4.4196e+02 9.0164e-16
4.4204e+02 9.0164e-16
4.4211e+02 9.0164e-16
4.4219e+02 9.0268e-16
4.4226e+02 9.0372e-16
4.4233e+02 9.0372e-16
4.4241e+02 9.0372e-16
4.4249e+02 9.0323e-16
4.4256e+02 9.0274e-16
4.4263e+02 9.0274e-16
4.4271e+02 9.0274e-16
4.4279e+02 9.0225e-16
4.4286e+02 9.0176e-16
4.4294e+02 9.0176e-16
4.4301e+02 9.0176e-16
4.4308e+02 9.0127e-16
4.4316e+02 9.0078e-16
4.4324e+02 9.0078e-16
4.4331e+02 9.0078e-16
4.4338e+02 9.0029e-16
4.4346e+02 8.9980e-16
4.4354e+02 8.9980e-16
4.4361e+02 8.9980e-16
4.4369e+02 8.9931e-16
4.4376e+02 8.9883e-16
4.4383e+02 8.9883e-16
4.4391e+02 8.9883e-16
4.4399e+02 8.9834e-16
4.4406e+02 8.9785e-16
4.4413e+02 8.9785e-16
4.4421e+02 8.9785e-16
4.4429e+02 8.9736e-16
4.4436e+02 8.9687e-16
4.4444e+02 8.9687e-16
4.4451e+02 8.9687e-16
4.4458e+02 8.9639e-16
4.4466e+02 8.9590e-16
4.4474e+02 8.9590e-16
4.4481e+02 8.9590e-16
4.4488e+02 8.9542e-16
4.4496e+02 8.9493e-16
4.4504e+02 8.9493e-16
4.4511e+02 8.9493e-16
4.4519e+02 8.9444e-16
4.4526e+02 8.9396e-16
4.4533e+02 8.9396e-16
4.4541e+02 8.9396e-16
4.4549e+02 8.9296e-16
4.4556e+02 8.9196e-16
4.4563e+02 8.9196e-16
4.4571e+02 8.9196e-16
4.4579e+02 8.9096e-16
4.4586e+02 8.8997e-16
4.4594e+02 8.8997e-16
4.4601e+02 8.8997e-16
4.4608e+02 8.8897e-16
4.4616e+02 8.8798e-16
4.4624e+02 8.8798e-16
4.4631e+02 8.8798e-16
4.4638e+02 8.8698e-16
4.4646e+02 8.8599e-16
4.4654e+02 8.8599e-16
4.4661e+02 8.8599e-16
4.4669e+02 8.8499e-16
4.4676e+02 8.8400e-16
4.4683e+02 8.8400e-16
4.4691e+02 8.8400e-16
4.4699e+02 8.8301e-16
4.4706e+02 8.8202e-16
4.4713e+02 8.8202e-16
4.4721e+02 8.8202e-16
4.4729e+02 8.8103e-16
4.4736e+02 8.8004e-16
4.4744e+02 8.8004e-16
4.4751e+02 8.8004e-16
4.4758e+02 8.7905e-16
4.4766e+02 8.7806e-16
4.4774e+02 8.7806e-16
4.4781e+02 8.7806e-16
4.4788e+02 8.7707e-16
4.4796e+02 8.7608e-16
4.4804e+02 8.7608e-16
4.4811e+02 8.7608e-16
4.4819e+02 8.7510e-16
4.4826e+02 8.7411e-16
4.4833e+02 8.7411e-16
4.4841e+02 8.7411e-16
4.4849e+02 8.6985e-16
4.4856e+02 8.6559e-16
4.4863e+02 8.6559e-16
4.4871e+02 8.6559e-16
4.4879e+02 8.6133e-16
4.4886e+02 8.5707e-16
4.4894e+02 8.5707e-16
4.4901e+02 8.5707e-16
4.4908e+02 8.5282e-16
4.4916e+02 8.4857e-16
4.4924e+02 8.4857e-16
4.4931e+02 8.4857e-16
4.4938e+02 8.4433e-16
4.4946e+02 8.4008e-16
4.4954e+02 8.4008e-16
4.4961e+02 8.4008e-16
4.4969e+02 8.3584e-16
4.4976e+02 8.3160e-16
4.4983e+02 8.3160e-16
4.4991e+02 8.3160e-16
4.4999e+02 8.2737e-16
4.5006e+02 8.2313e-16
4.5013e+02 8.2313e-16
4.5021e+02 8.2313e-16
4.5029e+02 8.1891e-16
4.5036e+02 8.1468e-16
4.5044e+02 8.1468e-16
4.5051e+02 8.1468e-16
4.5058e+02 8.1046e-16
4.5066e+02 8.0624e-16
4.5074e+02 8.0624e-16
4.5081e+02 8.0624e-16
4.5088e+02 8.0202e-16
4.5096e+02 7.9780e-16
4.5104e+02 7.9780e-16
4.5111e+02 7.9780e-16
4.5119e+02 7.9359e-16
4.5126e+02 7.8938e-16
4.5133e+02 7.8938e-16
4.5141e+02 7.8938e-16
4.5149e+02 7.8250e-16
4.5156e+02 7.7562e-16
4.5163e+02 7.7562e-16
4.5171e+02 7.7562e-16
4.5179e+02 7.6874e-16
4.5186e+02 7.6187e-16
4.5194e+02 7.6187e-16
4.5201e+02 7.6187e-16
4.5208e+02 7.5501e-16
4.5216e+02 7.4815e-16
4.5224e+02 7.4815e-16
4.5231e+02 7.4815e-16
4.5238e+02 7.4129e-16
4.5246e+02 7.3444e-16
4.5254e+02 7.3444e-16
4.5261e+02 7.3444e-16
4.5269e+02 7.2759e-16
4.5276e+02 7.2075e-16
4.5283e+02 7.2075e-16
4.5291e+02 7.2075e-16
4.5299e+02 7.1391e-16
4.5306e+02 7.0708e-16
4.5313e+02 7.0708e-16
4.5321e+02 7.0708e-16
4.5329e+02 7.0025e-16
4.5336e+02 6.9342e-16
4.5344e+02 6.9342e-16
4.5351e+02 6.9342e-16
4.5358e+02 6.9584e-16
4.5366e+02 6.9826e-16
4.5374e+02 6.9826e-16
4.5381e+02 6.9826e-16
4.5388e+02 7.0067e-16
4.5396e+02 7.0308e-16
4.5404e+02 7.0308e-16
4.5411e+02 7.0308e-16
4.5419e+02 7.0549e-16
4.5426e+02 7.0791e-16
4.5433e+02 7.0791e-16
4.5441e+02 7.0791e-16
4.5449e+02 7.1031e-16
4.5456e+02 7.1272e-16
4.5463e+02 7.1272e-16
4.5471e+02 7.1272e-16
4.5479e+02 7.1512e-16
4.5486e+02 7.1753e-16
4.5494e+02 7.1753e-16
4.5501e+02 7.1753e-16
4.5508e+02 7.1905e-16
4.5516e+02 7.2057e-16
4.5524e+02 7.2057e-16
4.5531e+02 7.2057e-16
4.5538e+02 7.2209e-16
4.5546e+02 7.2360e-16
4.5554e+02 7.2360e-16
4.5561e+02 7.2360e-16
4.5569e+02 7.2512e-16
4.5576e+02 7.2664e-16
4.5583e+02 7.2664e-16
4.5591e+02 7.2664e-16
4.5599e+02 7.2815e-16
4.5606e+02 7.2966e-16
4.5613e+02 7.2966e-16
4.5621e+02 7.2966e-16
4.5629e+02 7.3118e-16
4.5636e+02 7.3269e-16
4.5644e+02 7.3269e-16
4.5651e+02 7.3269e-16
4.5658e+02 7.3420e-16
4.5666e+02 7.3571e-16
4.5674e+02 7.3571e-16
4.5681e+02 7.3571e-16
4.5688e+02 7.3722e-16
4.5696e+02 7.3873e-16
4.5704e+02 7.3873e-16
4.5711e+02 7.3873e-16
4.5719e+02 7.4023e-16
4.5726e+02 7.4174e-16
4.5733e+02 7.4174e-16
4.5741e+02 7.4174e-16
4.5749e+02 7.3524e-16
4.5756e+02 7.2874e-16
4.5763e+02 7.2874e-16
4.5771e+02 7.2874e-16
4.5779e+02 7.2225e-16
4.5786e+02 7.1576e-16
4.5794e+02 7.1576e-16
4.5801e+02 7.1576e-16
4.5808e+02 7.0928e-16
4.5816e+02 7.0280e-16
4.5824e+02 7.0280e-16
4.5831e+02 7.0280e-16
4.5838e+02 6.9633e-16
4.5846e+02 6.8985e-16
4.5854e+02 6.8985e-16
4.5861e+02 6.8985e-16
4.5869e+02 6.8339e-16
4.5876e+02 6.7693e-16
4.5883e+02 6.7693e-16
4.5891e+02 6.7693e-16
4.5899e+02 6.7047e-16
4.5906e+02 6.6402e-16
4.5913e+02 6.6402e-16
4.5921e+02 6.6402e-16
4.5929e+02 6.5757e-16
4.5936e+02 6.5112e-16
4.5944e+02 6.5112e-16
4.5951e+02 6.5112e-16
4.5958e+02 6.4468e-16
4.5966e+02 6.3824e-16
4.5974e+02 6.3824e-16
4.5981e+02 6.3824e-16
4.5988e+02 6.3181e-16
4.5996e+02 6.2538e-16
4.6004e+02 6.2538e-16
4.6011e+02 6.2538e-16
4.6019e+02 6.1896e-16
4.6026e+02 6.1254e-16
4.6033e+02 6.1254e-16
4.6041e+02 6.1254e-16
4.6049e+02 6.1048e-16
4.6056e+02 6.0841e-16
4.6063e+02 6.0841e-16
4.6071e+02 6.0841e-16
4.6079e+02 6.0635e-16
4.6086e+02 6.0429e-16
4.6094e+02 6.0429e-16
4.6101e+02 6.0429e-16
4.6108e+02 6.0224e-16
4.6116e+02 6.0018e-16
4.6124e+02 6.0018e-16
4.6131e+02 6.0018e-16
4.6138e+02 5.9812e-16
4.6146e+02 5.9607e-16
4.6154e+02 5.9607e-16
4.6161e+02 5.9607e-16
4.6169e+02 5.9402e-16
4.6176e+02 5.9196e-16
4.6183e+02 5.9196e-16
4.6191e+02 5.9196e-16
4.6199e+02 5.8991e-16
4.6206e+02 5.8786e-16
4.6213e+02 5.8786e-16
4.6221e+02 5.8786e-16
4.6229e+02 5.8582e-16
4.6236e+02 5.8377e-16
4.6244e+02 5.8377e-16
4.6251e+02 5.8377e-16
4.6258e+02 5.8173e-16
4.6266e+02 5.7968e-16
4.6274e+02 5.7968e-16
4.6281e+02 5.7968e-16
4.6288e+02 5.7764e-16
4.6296e+02 5.7560e-16
4.6304e+02 5.7560e-16
4.6311e+02 5.7560e-16
4.6319e+02 5.7356e-16
4.6326e+02 5.7152e-16
4.6333e+02 5.7152e-16
4.6341e+02 5.7152e-16
4.6349e+02 5.7121e-16
4.6356e+02 5.7089e-16
4.6363e+02 5.7089e-16
4.6371e+02 5.7089e-16
4.6379e+02 5.7057e-16
4.6386e+02 5.7026e-16
4.6394e+02 5.7026e-16
4.6401e+02 5.7026e-16
4.6408e+02 5.6994e-16
4.6416e+02 5.6962e-16
4.6424e+02 5.6962e-16
4.6431e+02 5.6962e-16
4.6438e+02 5.6930e-16
4.6446e+02 5.6899e-16
4.6454e+02 5.6899e-16
4.6461e+02 5.6899e-16
4.6469e+02 5.6867e-16
4.6476e+02 5.6836e-16
4.6483e+02 5.6836e-16
4.6491e+02 5.6836e-16
4.6499e+02 5.6804e-16
4.6506e+02 5.6773e-16
4.6513e+02 5.6773e-16
4.6521e+02 5.6773e-16
4.6529e+02 5.6741e-16
4.6536e+02 5.6710e-16
4.6544e+02 5.6710e-16
4.6551e+02 5.6710e-16
4.6558e+02 5.6678e-16
4.6566e+02 5.6647e-16
4.6574e+02 5.6647e-16
4.6581e+02 5.6647e-16
4.6588e+02 5.6615e-16
4.6596e+02 5.6584e-16
4.6604e+02 5.6584e-16
4.6611e+02 5.6584e-16
4.6619e+02 5.6552e-16
4.6626e+02 5.6521e-16
4.6633e+02 5.6521e-16
4.6641e+02 5.6521e-16
4.6649e+02 5.6849e-16
4.6656e+02 5.7177e-16
4.6663e+02 5.7177e-16
4.6671e+02 5.7177e-16
4.6679e+02 5.7504e-16
4.6686e+02 5.7831e-16
4.6694e+02 5.7831e-16
4.6701e+02 5.7831e-16
4.6708e+02 5.8158e-16
4.6716e+02 5.8485e-16
4.6724e+02 5.8485e-16
4.6731e+02 5.8485e-16
4.6738e+02 5.8811e-16
4.6746e+02 5.9138e-16
4.6754e+02 5.9138e-16
4.6761e+02 5.9138e-16
4.6769e+02 5.9464e-16
4.6776e+02 5.9790e-16
4.6783e+02 5.9790e-16
4.6791e+02 5.9790e-16
4.6799e+02 6.0116e-16
4.6806e+02 6.0441e-16
4.6813e+02 6.0441e-16
4.6821e+02 6.0441e-16
4.6829e+02 6.0766e-16
4.6836e+02 6.1092e-16
4.6844e+02 6.1092e-16
4.6851e+02 6.1092e-16
4.6858e+02 6.1416e-16
4.6866e+02 6.1741e-16
4.6874e+02 6.1741e-16
4.6881e+02 6.1741e-16
4.6888e+02 6.2066e-16
4.6896e+02 6.2390e-16
4.6904e+02 6.2390e-16
4.6911e+02 6.2390e-16
4.6919e+02 6.2714e-16
4.6926e+02 6.3038e-16
4.6933e+02 6.3038e-16
4.6941e+02 6.3038e-16
4.6949e+02 6.3270e-16
4.6956e+02 6.3502e-16
4.6963e+02 6.3502e-16
4.6971e+02 6.3502e-16
4.6979e+02 6.3734e-16
4.6986e+02 6.3966e-16
4.6994e+02 6.3966e-16
4.7001e+02 6.3966e-16
4.7008e+02 6.4198e-16
4.7016e+02 6.4430e-16
4.7024e+02 6.4430e-16
4.7031e+02 6.4430e-16
4.7038e+02 6.4661e-16
4.7046e+02 6.4892e-16
4.7054e+02 6.4892e-16
4.7061e+02 6.4892e-16
4.7069e+02 6.5124e-16
4.7076e+02 6.5355e-16
4.7083e+02 6.5355e-16
4.7091e+02 6.5355e-16
4.7099e+02 6.5585e-16
4.7106e+02 6.5816e-16
4.7113e+02 6.5816e-16
4.7121e+02 6.5816e-16
4.7129e+02 6.6047e-16
4.7136e+02 6.6277e-16
4.7144e+02 6.6277e-16
4.7151e+02 6.6277e-16
4.7158e+02 6.6507e-16
4.7166e+02 6.6738e-16
4.7174e+02 6.6738e-16
4.7181e+02 6.6738e-16
4.7188e+02 6.6968e-16
4.7196e+02 6.7198e-16
4.7204e+02 6.7198e-16
4.7211e+02 6.7198e-16
4.7219e+02 6.7427e-16
4.7226e+02 6.7657e-16
4.7233e+02 6.7657e-16
4.7241e+02 6.7657e-16
4.7249e+02 6.7675e-16
4.7256e+02 6.7694e-16
4.7263e+02 6.7694e-16
4.7271e+02 6.7694e-16
4.7279e+02 6.7713e-16
4.7286e+02 6.7732e-16
4.7294e+02 6.7732e-16
4.7301e+02 6.7732e-16
4.7308e+02 6.7750e-16
4.7316e+02 6.7769e-16
4.7324e+02 6.7769e-16
4.7331e+02 6.7769e-16
4.7338e+02 6.7787e-16
4.7346e+02 6.7806e-16
4.7354e+02 6.7806e-16
4.7361e+02 6.7806e-16
4.7369e+02 6.7825e-16
4.7376e+02 6.7843e-16
4.7383e+02 6.7843e-16
4.7391e+02 6.7843e-16
4.7399e+02 6.7861e-16
4.7406e+02 6.7880e-16
4.7413e+02 6.7880e-16
4.7421e+02 6.7880e-16
4.7429e+02 6.7899e-16
4.7436e+02 6.7917e-16
4.7444e+02 6.7917e-16
4.7451e+02 6.7917e-16
4.7458e+02 6.7936e-16
4.7466e+02 6.7954e-16
4.7474e+02 6.7954e-16
4.7481e+02 6.7954e-16
4.7488e+02 6.7972e-16
4.7496e+02 6.7991e-16
4.7504e+02 6.7991e-16
4.7511e+02 6.7991e-16
4.7519e+02 6.8009e-16
4.7526e+02 6.8028e-16
4.7533e+02 6.8028e-16
4.7541e+02 6.8028e-16
4.7549e+02 6.7980e-16
4.7556e+02 6.7932e-16
4.7563e+02 6.7932e-16
4.7571e+02 6.7932e-16
4.7579e+02 6.7885e-16
4.7586e+02 6.7837e-16
4.7594e+02 6.7837e-16
4.7601e+02 6.7837e-16
4.7608e+02 6.7789e-16
4.7616e+02 6.7741e-16
4.7624e+02 6.7741e-16
4.7631e+02 6.7741e-16
4.7638e+02 6.7694e-16
4.7646e+02 6.7646e-16
4.7654e+02 6.7646e-16
4.7661e+02 6.7646e-16
4.7669e+02 6.7599e-16
4.7676e+02 6.7551e-16
4.7683e+02 6.7551e-16
4.7691e+02 6.7551e-16
4.7699e+02 6.7504e-16
4.7706e+02 6.7456e-16
4.7713e+02 6.7456e-16
4.7721e+02 6.7456e-16
4.7729e+02 6.7409e-16
4.7736e+02 6.7361e-16
4.7744e+02 6.7361e-16
4.7751e+02 6.7361e-16
4.7758e+02 6.7314e-16
4.7766e+02 6.7266e-16
4.7774e+02 6.7266e-16
4.7781e+02 6.7266e-16
4.7788e+02 6.7219e-16
4.7796e+02 6.7172e-16
4.7804e+02 6.7172e-16
4.7811e+02 6.7172e-16
4.7819e+02 6.7124e-16
4.7826e+02 6.7077e-16
4.7833e+02 6.7077e-16
4.7841e+02 6.7077e-16
4.7849e+02 6.7124e-16
4.7856e+02 6.7170e-16
4.7863e+02 6.7170e-16
4.7871e+02 6.7170e-16
4.7879e+02 6.7217e-16
4.7886e+02 6.7264e-16
4.7894e+02 6.7264e-16
4.7901e+02 6.7264e-16
4.7908e+02 6.7310e-16
4.7916e+02 6.7356e-16
4.7924e+02 6.7356e-16
4.7931e+02 6.7356e-16
4.7938e+02 6.7403e-16
4.7946e+02 6.7449e-16
4.7954e+02 6.7449e-16
4.7961e+02 6.7449e-16
4.7969e+02 6.7495e-16
4.7976e+02 6.7542e-16
4.7983e+02 6.7542e-16
4.7991e+02 6.7542e-16
4.7999e+02 6.7588e-16
4.8006e+02 6.7634e-16
4.8013e+02 6.7634e-16
4.8021e+02 6.7634e-16
4.8029e+02 6.7681e-16
4.8036e+02 6.7727e-16
4.8044e+02 6.7727e-16
4.8051e+02 6.7727e-16
4.8058e+02 6.7773e-16
4.8066e+02 6.7819e-16
4.8074e+02 6.7819e-16
4.8081e+02 6.7819e-16
4.8088e+02 6.7865e-16
4.8096e+02 6.7911e-16
4.8104e+02 6.7911e-16
4.8111e+02 6.7911e-16
4.8119e+02 6.7957e-16
4.8126e+02 6.8003e-16
4.8133e+02 6.8003e-16
4.8141e+02 6.8003e-16
4.8149e+02 6.7911e-16
4.8156e+02 6.7819e-16
4.8163e+02 6.7819e-16
4.8171e+02 6.7819e-16
4.8179e+02 6.7727e-16
4.8186e+02 6.7635e-16
4.8194e+02 6.7635e-16
4.8201e+02 6.7635e-16
4.8208e+02 6.7543e-16
4.8216e+02 6.7451e-16
4.8224e+02 6.7451e-16
4.8231e+02 6.7451e-16
4.8238e+02 6.7359e-16
4.8246e+02 6.7267e-16
4.8254e+02 6.7267e-16
4.8261e+02 6.7267e-16
4.8269e+02 6.7176e-16
4.8276e+02 6.7084e-16
4.8283e+02 6.7084e-16
4.8291e+02 6.7084e-16
4.8299e+02 6.6992e-16
4.8306e+02 6.6901e-16
4.8313e+02 6.6901e-16
4.8321e+02 6.6901e-16
4.8329e+02 6.6809e-16
4.8336e+02 6.6718e-16
4.8344e+02 6.6718e-16
4.8351e+02 6.6718e-16
4.8358e+02 6.6626e-16
4.8366e+02 6.6535e-16
4.8374e+02 6.6535e-16
4.8381e+02 6.6535e-16
4.8388e+02 6.6444e-16
4.8396e+02 6.6352e-16
4.8404e+02 6.6352e-16
4.8411e+02 6.6352e-16
4.8419e+02 6.6261e-16
4.8426e+02 6.6170e-16
4.8433e+02 6.6170e-16
4.8441e+02 6.6170e-16
4.8449e+02 6.6116e-16
4.8456e+02 6.6062e-16
4.8463e+02 6.6062e-16
4.8471e+02 6.6062e-16
4.8479e+02 6.6009e-16
4.8486e+02 6.5955e-16
4.8494e+02 6.5955e-16
4.8501e+02 6.5955e-16
4.8508e+02 6.5901e-16
4.8516e+02 6.5847e-16
4.8524e+02 6.5847e-16
4.8531e+02 6.5847e-16
4.8538e+02 6.5794e-16
4.8546e+02 6.5740e-16
4.8554e+02 6.5740e-16
4.8561e+02 6.5740e-16
4.8569e+02 6.5686e-16
4.8576e+02 6.5633e-16
4.8583e+02 6.5633e-16
4.8591e+02 6.5633e-16
4.8599e+02 6.5579e-16
4.8606e+02 6.5526e-16
4.8613e+02 6.5526e-16
4.8621e+02 6.5526e-16
4.8629e+02 6.5472e-16
4.8636e+02 6.5419e-16
4.8644e+02 6.5419e-16
4.8651e+02 6.5419e-16
4.8658e+02 6.5366e-16
4.8666e+02 6.5312e-16
4.8674e+02 6.5312e-16
4.8681e+02 6.5312e-16
4.8688e+02 6.5259e-16
4.8696e+02 6.5205e-16
4.8704e+02 6.5205e-16
4.8711e+02 6.5205e-16
4.8719e+02 6.5152e-16
4.8726e+02 6.5099e-16
4.8733e+02 6.5099e-16
4.8741e+02 6.5099e-16
4.8749e+02 6.5304e-16
4.8756e+02 6.5510e-16
4.8763e+02 6.5510e-16
4.8771e+02 6.5510e-16
4.8779e+02 6.5715e-16
4.8786e+02 6.5920e-16
4.8794e+02 6.5920e-16
4.8801e+02 6.5920e-16
4.8808e+02 6.6125e-16
4.8816e+02 6.6330e-16
4.8824e+02 6.6330e-16
4.8831e+02 6.6330e-16
4.8838e+02 6.6534e-16
4.8846e+02 6.6739e-16
4.8854e+02 6.6739e-16
4.8861e+02 6.6739e-16
4.8869e+02 6.6943e-16
4.8876e+02 6.7148e-16
4.8883e+02 6.7148e-16
4.8891e+02 6.7148e-16
4.8899e+02 6.7352e-16
4.8906e+02 6.7556e-16
4.8913e+02 6.7556e-16
4.8921e+02 6.7556e-16
4.8929e+02 6.7760e-16
4.8936e+02 6.7964e-16
4.8944e+02 6.7964e-16
4.8951e+02 6.7964e-16
4.8958e+02 6.8167e-16
4.8966e+02 6.8371e-16
4.8974e+02 6.8371e-16
4.8981e+02 6.8371e-16
4.8988e+02 6.8574e-16
4.8996e+02 6.8777e-16
4.9004e+02 6.8777e-16
4.9011e+02 6.8777e-16
4.9019e+02 6.8981e-16
4.9026e+02 6.9184e-16
4.9033e+02 6.9184e-16
4.9041e+02 6.9184e-16
4.9049e+02 6.9178e-16
4.9056e+02 6.9173e-16
4.9063e+02 6.9173e-16
4.9071e+02 6.9173e-16
4.9079e+02 6.9167e-16
4.9086e+02 6.9161e-16
4.9094e+02 6.9161e-16
4.9101e+02 6.9161e-16
4.9108e+02 6.9156e-16
4.9116e+02 6.9150e-16
4.9124e+02 6.9150e-16
4.9131e+02 6.9150e-16
4.9138e+02 6.9145e-16
4.9146e+02 6.9139e-16
4.9154e+02 6.9139e-16
4.9161e+02 6.9139e-16
4.9169e+02 6.9133e-16
4.9176e+02 6.9128e-16
4.9183e+02 6.9128e-16
4.9191e+02 6.9128e-16
4.9199e+02 6.9122e-16
4.9206e+02 6.9117e-16
4.9213e+02 6.9117e-16
4.9221e+02 6.9117e-16
4.9229e+02 6.9111e-16
4.9236e+02 6.9105e-16
4.9244e+02 6.9105e-16
4.9251e+02 6.9105e-16
4.9258e+02 6.9100e-16
4.9266e+02 6.9094e-16
4.9274e+02 6.9094e-16
4.9281e+02 6.9094e-16
4.9288e+02 6.9089e-16
4.9296e+02 6.9083e-16
4.9304e+02 6.9083e-16
4.9311e+02 6.9083e-16
4.9319e+02 6.9078e-16
4.9326e+02 6.9072e-16
4.9333e+02 6.9072e-16
4.9341e+02 6.9072e-16
4.9349e+02 6.9039e-16
4.9356e+02 6.9005e-16
4.9363e+02 6.9005e-16
4.9371e+02 6.9005e-16
4.9379e+02 6.8972e-16
4.9386e+02 6.8938e-16
4.9394e+02 6.8938e-16
4.9401e+02 6.8938e-16
4.9408e+02 6.8904e-16
4.9416e+02 6.8871e-16
4.9424e+02 6.8871e-16
4.9431e+02 6.8871e-16
4.9438e+02 6.8837e-16
4.9446e+02 6.8804e-16
4.9454e+02 6.8804e-16
4.9461e+02 6.8804e-16
4.9469e+02 6.8771e-16
4.9476e+02 6.8737e-16
4.9483e+02 6.8737e-16
4.9491e+02 6.8737e-16
4.9499e+02 6.8704e-16
4.9506e+02 6.8671e-16
4.9513e+02 6.8671e-16
4.9521e+02 6.8671e-16
4.9529e+02 6.8637e-16
4.9536e+02 6.8604e-16
4.9544e+02 6.8604e-16
4.9551e+02 6.8604e-16
4.9558e+02 6.8571e-16
4.9566e+02 6.8537e-16
4.9574e+02 6.8537e-16
4.9581e+02 6.8537e-16
4.9588e+02 6.8504e-16
4.9596e+02 6.8471e-16
4.9604e+02 6.8471e-16
4.9611e+02 6.8471e-16
4.9619e+02 6.8438e-16
4.9626e+02 6.8404e-16
4.9633e+02 6.8404e-16
4.9641e+02 6.8404e-16
4.9649e+02 6.8437e-16
4.9656e+02 6.8470e-16
4.9663e+02 6.8470e-16
4.9671e+02 6.8470e-16
4.9679e+02 6.8503e-16
4.9686e+02 6.8536e-16
4.9694e+02 6.8536e-16
4.9701e+02 6.8536e-16
4.9708e+02 6.8569e-16
4.9716e+02 6.8602e-16
4.9724e+02 6.8602e-16
4.9731e+02 6.8602e-16
4.9738e+02 6.8635e-16
4.9746e+02 6.8668e-16
4.9754e+02 6.8668e-16
4.9761e+02 6.8668e-16
4.9769e+02 6.8701e-16
4.9776e+02 6.8733e-16
4.9783e+02 6.8733e-16
4.9791e+02 6.8733e-16
4.9799e+02 6.8766e-16
4.9806e+02 6.8799e-16
4.9813e+02 6.8799e-16
4.9821e+02 6.8799e-16
4.9829e+02 6.8832e-16
4.9836e+02 6.8864e-16
4.9844e+02 6.8864e-16
4.9851e+02 6.8864e-16
4.9858e+02 6.8897e-16
4.9866e+02 6.8930e-16
4.9874e+02 6.8930e-16
4.9881e+02 6.8930e-16
4.9888e+02 6.8962e-16
4.9896e+02 6.8995e-16
4.9904e+02 6.8995e-16
4.9911e+02 6.8995e-16
4.9919e+02 6.9028e-16
4.9926e+02 6.9060e-16
4.9933e+02 6.9060e-16
4.9941e+02 6.9060e-16
4.9949e+02 6.8794e-16
4.9956e+02 6.8528e-16
4.9963e+02 6.8528e-16
4.9971e+02 6.8528e-16
4.9979e+02 6.8262e-16
4.9986e+02 6.7996e-16
4.9994e+02 6.7996e-16
5.0001e+02 6.7996e-16
5.0008e+02 6.7730e-16
5.0016e+02 6.7464e-16
5.0024e+02 6.7464e-16
5.0031e+02 6.7464e-16
5.0038e+02 6.7199e-16
5.0046e+02 6.6934e-16
5.0054e+02 6.6934e-16
5.0061e+02 6.6934e-16
5.0069e+02 6.6669e-16
5.0076e+02 6.6403e-16
5.0083e+02 6.6403e-16
5.0091e+02 6.6403e-16
5.0099e+02 6.6139e-16
5.0106e+02 6.5874e-16
5.0113e+02 6.5874e-16
5.0121e+02 6.5874e-16
5.0129e+02 6.5610e-16
5.0136e+02 6.5345e-16
5.0144e+02 6.5345e-16
5.0151e+02 6.5345e-16
5.0158e+02 6.6061e-16
5.0166e+02 6.6776e-16
5.0174e+02 6.6776e-16
5.0181e+02 6.6776e-16
5.0188e+02 6.7490e-16
5.0196e+02 6.8205e-16
5.0204e+02 6.8205e-16
5.0211e+02 6.8205e-16
5.0219e+02 6.8918e-16
5.0226e+02 6.9632e-16
5.0233e+02 6.9632e-16
5.0241e+02 6.9632e-16
5.0249e+02 7.0345e-16
5.0256e+02 7.1058e-16
5.0263e+02 7.1058e-16
5.0271e+02 7.1058e-16
5.0279e+02 7.1770e-16
5.0286e+02 7.2482e-16
5.0294e+02 7.2482e-16
5.0301e+02 7.2482e-16
5.0308e+02 7.2315e-16
5.0316e+02 7.2148e-16
5.0324e+02 7.2148e-16
5.0331e+02 7.2148e-16
5.0338e+02 7.1982e-16
5.0346e+02 7.1815e-16
5.0354e+02 7.1815e-16
5.0361e+02 7.1815e-16
5.0369e+02 7.1649e-16
5.0376e+02 7.1483e-16
5.0383e+02 7.1483e-16
5.0391e+02 7.1483e-16
5.0399e+02 7.1317e-16
5.0406e+02 7.1151e-16
5.0413e+02 7.1151e-16
5.0421e+02 7.1151e-16
5.0429e+02 7.0985e-16
5.0436e+02 7.0819e-16
5.0444e+02 7.0819e-16
5.0451e+02 7.0819e-16
5.0458e+02 7.0653e-16
5.0466e+02 7.0488e-16
5.0474e+02 7.0488e-16
5.0481e+02 7.0488e-16
5.0488e+02 7.0322e-16
5.0496e+02 7.0157e-16
5.0504e+02 7.0157e-16
5.0511e+02 7.0157e-16
5.0519e+02 6.9992e-16
5.0526e+02 6.9827e-16
5.0533e+02 6.9827e-16
5.0541e+02 6.9827e-16
5.0549e+02 6.9629e-16
5.0556e+02 6.9431e-16
5.0563e+02 6.9431e-16
5.0571e+02 6.9431e-16
5.0579e+02 6.9233e-16
5.0586e+02 6.9035e-16
5.0594e+02 6.9035e-16
5.0601e+02 6.9035e-16
5.0608e+02 6.8838e-16
5.0616e+02 6.8640e-16
5.0624e+02 6.8640e-16
5.0631e+02 6.8640e-16
5.0638e+02 6.8443e-16
5.0646e+02 6.8246e-16
5.0654e+02 6.8246e-16
5.0661e+02 6.8246e-16
5.0669e+02 6.8049e-16
5.0676e+02 6.7851e-16
5.0683e+02 6.7851e-16
5.0691e+02 6.7851e-16
5.0699e+02 6.7655e-16
5.0706e+02 6.7458e-16
5.0713e+02 6.7458e-16
5.0721e+02 6.7458e-16
5.0729e+02 6.7261e-16
5.0736e+02 6.7065e-16
5.0744e+02 6.7065e-16
5.0751e+02 6.7065e-16
5.0758e+02 6.6868e-16
5.0766e+02 6.6672e-16
5.0774e+02 6.6672e-16
5.0781e+02 6.6672e-16
5.0788e+02 6.6476e-16
5.0796e+02 6.6280e-16
5.0804e+02 6.6280e-16
5.0811e+02 6.6280e-16
5.0819e+02 6.6084e-16
5.0826e+02 6.5888e-16
5.0833e+02 6.5888e-16
5.0841e+02 6.5888e-16
5.0849e+02 6.5807e-16
5.0856e+02 6.5725e-16
5.0863e+02 6.5725e-16
5.0871e+02 6.5725e-16
5.0879e+02 6.5644e-16
5.0886e+02 6.5563e-16
5.0894e+02 6.5563e-16
5.0901e+02 6.5563e-16
5.0908e+02 6.5482e-16
5.0916e+02 6.5400e-16
5.0924e+02 6.5400e-16
5.0931e+02 6.5400e-16
5.0938e+02 6.5319e-16
5.0946e+02 6.5238e-16
5.0954e+02 6.5238e-16
5.0961e+02 6.5238e-16
5.0969e+02 6.5157e-16
5.0976e+02 6.5076e-16
5.0983e+02 6.5076e-16
5.0991e+02 6.5076e-16
5.0999e+02 6.4995e-16
5.1006e+02 6.4914e-16
5.1013e+02 6.4914e-16
5.1021e+02 6.4914e-16
5.1029e+02 6.4833e-16
5.1036e+02 6.4753e-16
5.1044e+02 6.4753e-16
5.1051e+02 6.4753e-16
5.1058e+02 6.4672e-16
5.1066e+02 6.4591e-16
5.1074e+02 6.4591e-16
5.1081e+02 6.4591e-16
5.1088e+02 6.4510e-16
5.1096e+02 6.4430e-16
5.1104e+02 6.4430e-16
5.1111e+02 6.4430e-16
5.1119e+02 6.4349e-16
5.1126e+02 6.4269e-16
5.1133e+02 6.4269e-16
5.1141e+02 6.4269e-16
5.1149e+02 6.4078e-16
5.1156e+02 6.3888e-16
5.1163e+02 6.3888e-16
5.1171e+02 6.3888e-16
5.1179e+02 6.3697e-16
5.1186e+02 6.3507e-16
5.1194e+02 6.3507e-16
5.1201e+02 6.3507e-16
5.1209e+02 6.3317e-16
5.1216e+02 6.3127e-16
5.1224e+02 6.3127e-16
5.1231e+02 6.3127e-16
5.1238e+02 6.2937e-16
5.1246e+02 6.2748e-16
5.1253e+02 6.2748e-16
5.1261e+02 6.2748e-16
5.1268e+02 6.2558e-16
5.1276e+02 6.2368e-16
5.1284e+02 6.2368e-16
5.1291e+02 6.2368e-16
5.1299e+02 6.2179e-16
5.1306e+02 6.1990e-16
5.1313e+02 6.1990e-16
5.1321e+02 6.1990e-16
5.1328e+02 6.1800e-16
5.1336e+02 6.1611e-16
5.1343e+02 6.1611e-16
5.1351e+02 6.1611e-16
5.1359e+02 6.1422e-16
5.1366e+02 6.1233e-16
5.1374e+02 6.1233e-16
5.1381e+02 6.1233e-16
5.1388e+02 6.1045e-16
5.1396e+02 6.0856e-16
5.1403e+02 6.0856e-16
5.1411e+02 6.0856e-16
5.1418e+02 6.0668e-16
5.1426e+02 6.0479e-16
5.1434e+02 6.0479e-16
5.1441e+02 6.0479e-16
5.1449e+02 6.0427e-16
5.1456e+02 6.0374e-16
5.1463e+02 6.0374e-16
5.1471e+02 6.0374e-16
5.1478e+02 6.0322e-16
5.1486e+02 6.0269e-16
5.1493e+02 6.0269e-16
5.1501e+02 6.0269e-16
5.1509e+02 6.0217e-16
5.1516e+02 6.0165e-16
5.1524e+02 6.0165e-16
5.1531e+02 6.0165e-16
5.1538e+02 6.0112e-16
5.1546e+02 6.0060e-16
5.1553e+02 6.0060e-16
5.1561e+02 6.0060e-16
5.1568e+02 6.0008e-16
5.1576e+02 5.9955e-16
5.1584e+02 5.9955e-16
5.1591e+02 5.9955e-16
5.1599e+02 5.9903e-16
5.1606e+02 5.9851e-16
5.1613e+02 5.9851e-16
5.1621e+02 5.9851e-16
5.1628e+02 5.9799e-16
5.1636e+02 5.9747e-16
5.1643e+02 5.9747e-16
5.1651e+02 5.9747e-16
5.1659e+02 5.9695e-16
5.1666e+02 5.9643e-16
5.1674e+02 5.9643e-16
5.1681e+02 5.9643e-16
5.1688e+02 5.9591e-16
5.1696e+02 5.9539e-16
5.1703e+02 5.9539e-16
5.1711e+02 5.9539e-16
5.1718e+02 5.9487e-16
5.1726e+02 5.9435e-16
5.1734e+02 5.9435e-16
5.1741e+02 5.9435e-16
5.1749e+02 5.9560e-16
5.1756e+02 5.9686e-16
5.1763e+02 5.9686e-16
5.1771e+02 5.9686e-16
5.1778e+02 5.9811e-16
5.1786e+02 5.9936e-16
5.1793e+02 5.9936e-16
5.1801e+02 5.9936e-16
5.1809e+02 6.0061e-16
5.1816e+02 6.0186e-16
5.1824e+02 6.0186e-16
5.1831e+02 6.0186e-16
5.1838e+02 6.0311e-16
5.1846e+02 6.0436e-16
5.1853e+02 6.0436e-16
5.1861e+02 6.0436e-16
5.1868e+02 6.0561e-16
5.1876e+02 6.0685e-16
5.1884e+02 6.0685e-16
5.1891e+02 6.0685e-16
5.1899e+02 6.0810e-16
5.1906e+02 6.0934e-16
5.1913e+02 6.0934e-16
5.1921e+02 6.0934e-16
5.1928e+02 6.1059e-16
5.1936e+02 6.1183e-16
5.1943e+02 6.1183e-16
5.1951e+02 6.1183e-16
5.1959e+02 6.1308e-16
5.1966e+02 6.1432e-16
5.1974e+02 6.1432e-16
5.1981e+02 6.1432e-16
5.1988e+02 6.1556e-16
5.1996e+02 6.1681e-16
5.2003e+02 6.1681e-16
5.2011e+02 6.1681e-16
5.2018e+02 6.1805e-16
5.2026e+02 6.1929e-16
5.2034e+02 6.1929e-16
5.2041e+02 6.1929e-16
5.2049e+02 6.1853e-16
5.2056e+02 6.1778e-16
5.2063e+02 6.1778e-16
5.2071e+02 6.1778e-16
5.2078e+02 6.1703e-16
5.2086e+02 6.1627e-16
5.2093e+02 6.1627e-16
5.2101e+02 6.1627e-16
5.2109e+02 6.1552e-16
5.2116e+02 6.1477e-16
5.2124e+02 6.1477e-16
5.2131e+02 6.1477e-16
5.2138e+02 6.1402e-16
5.2146e+02 6.1327e-16
5.2153e+02 6.1327e-16
5.2161e+02 6.1327e-16
5.2168e+02 6.1252e-16
5.2176e+02 6.1177e-16
5.2184e+02 6.1177e-16
5.2191e+02 6.1177e-16
5.2199e+02 6.1102e-16
5.2206e+02 6.1027e-16
5.2213e+02 6.1027e-16
5.2221e+02 6.1027e-16
5.2228e+02 6.0952e-16
5.2236e+02 6.0877e-16
5.2243e+02 6.0877e-16
5.2251e+02 6.0877e-16
5.2259e+02 6.0802e-16
5.2266e+02 6.0727e-16
5.2274e+02 6.0727e-16
5.2281e+02 6.0727e-16
5.2288e+02 6.0653e-16
5.2296e+02 6.0578e-16
5.2303e+02 6.0578e-16
5.2311e+02 6.0578e-16
5.2318e+02 6.0504e-16
5.2326e+02 6.0429e-16
5.2334e+02 6.0429e-16
5.2341e+02 6.0429e-16
5.2349e+02 6.0453e-16
5.2356e+02 6.0476e-16
5.2363e+02 6.0476e-16
5.2371e+02 6.0476e-16
5.2378e+02 6.0500e-16
5.2386e+02 6.0524e-16
5.2393e+02 6.0524e-16
5.2401e+02 6.0524e-16
5.2409e+02 6.0547e-16
5.2416e+02 6.0571e-16
5.2424e+02 6.0571e-16
5.2431e+02 6.0571e-16
5.2438e+02 6.0594e-16
5.2446e+02 6.0618e-16
5.2453e+02 6.0618e-16
5.2461e+02 6.0618e-16
5.2468e+02 6.0641e-16
5.2476e+02 6.0665e-16
5.2484e+02 6.0665e-16
5.2491e+02 6.0665e-16
5.2499e+02 6.0688e-16
5.2506e+02 6.0712e-16
5.2513e+02 6.0712e-16
5.2521e+02 6.0712e-16
5.2528e+02 6.0735e-16
5.2536e+02 6.0759e-16
5.2543e+02 6.0759e-16
5.2551e+02 6.0759e-16
5.2559e+02 6.0782e-16
5.2566e+02 6.0806e-16
5.2574e+02 6.0806e-16
5.2581e+02 6.0806e-16
5.2588e+02 6.0829e-16
5.2596e+02 6.0853e-16
5.2603e+02 6.0853e-16
5.2611e+02 6.0853e-16
5.2618e+02 6.0876e-16
5.2626e+02 6.0900e-16
5.2634e+02 6.0900e-16
5.2641e+02 6.0900e-16
5.2649e+02 6.0856e-16
5.2656e+02 6.0813e-16
5.2663e+02 6.0813e-16
5.2671e+02 6.0813e-16
5.2678e+02 6.0769e-16
5.2686e+02 6.0725e-16
5.2693e+02 6.0725e-16
5.2701e+02 6.0725e-16
5.2709e+02 6.0682e-16
5.2716e+02 6.0639e-16
5.2724e+02 6.0639e-16
5.2731e+02 6.0639e-16
5.2738e+02 6.0595e-16
5.2746e+02 6.0552e-16
5.2753e+02 6.0552e-16
5.2761e+02 6.0552e-16
5.2768e+02 6.0509e-16
5.2776e+02 6.0465e-16
5.2784e+02 6.0465e-16
5.2791e+02 6.0465e-16
5.2799e+02 6.0422e-16
5.2806e+02 6.0378e-16
5.2813e+02 6.0378e-16
5.2821e+02 6.0378e-16
5.2828e+02 6.0335e-16
5.2836e+02 6.0292e-16
5.2843e+02 6.0292e-16
5.2851e+02 6.0292e-16
5.2859e+02 6.0249e-16
5.2866e+02 6.0206e-16
5.2874e+02 6.0206e-16
5.2881e+02 6.0206e-16
5.2888e+02 6.0162e-16
5.2896e+02 6.0119e-16
5.2903e+02 6.0119e-16
5.2911e+02 6.0119e-16
5.2918e+02 6.0076e-16
5.2926e+02 6.0033e-16
5.2934e+02 6.0033e-16
5.2941e+02 6.0033e-16
5.2949e+02 5.9827e-16
5.2956e+02 5.9620e-16
5.2963e+02 5.9620e-16
5.2971e+02 5.9620e-16
5.2978e+02 5.9414e-16
5.2986e+02 5.9208e-16
5.2993e+02 5.9208e-16
5.3001e+02 5.9208e-16
5.3009e+02 5.9002e-16
5.3016e+02 5.8796e-16
5.3024e+02 5.8796e-16
5.3031e+02 5.8796e-16
5.3038e+02 5.8590e-16
5.3046e+02 5.8384e-16
5.3053e+02 5.8384e-16
5.3061e+02 5.8384e-16
5.3068e+02 5.8178e-16
5.3076e+02 5.7973e-16
5.3084e+02 5.7973e-16
5.3091e+02 5.7973e-16
5.3099e+02 5.7768e-16
5.3106e+02 5.7562e-16
5.3113e+02 5.7562e-16
5.3121e+02 5.7562e-16
5.3128e+02 5.7357e-16
5.3136e+02 5.7152e-16
5.3143e+02 5.7152e-16
5.3151e+02 5.7152e-16
5.3159e+02 5.6947e-16
5.3166e+02 5.6742e-16
5.3174e+02 5.6742e-16
5.3181e+02 5.6742e-16
5.3188e+02 5.6538e-16
5.3196e+02 5.6333e-16
5.3203e+02 5.6333e-16
5.3211e+02 5.6333e-16
5.3218e+02 5.6128e-16
5.3226e+02 5.5924e-16
5.3234e+02 5.5924e-16
5.3241e+02 5.5924e-16
5.3249e+02 5.5989e-16
5.3256e+02 5.6054e-16
5.3263e+02 5.6054e-16
5.3271e+02 5.6054e-16
5.3278e+02 5.6119e-16
5.3286e+02 5.6183e-16
5.3293e+02 5.6183e-16
5.3301e+02 5.6183e-16
5.3309e+02 5.6248e-16
5.3316e+02 5.6313e-16
5.3324e+02 5.6313e-16
5.3331e+02 5.6313e-16
5.3338e+02 5.6378e-16
5.3346e+02 5.6442e-16
5.3353e+02 5.6442e-16
5.3361e+02 5.6442e-16
5.3368e+02 5.6507e-16
5.3376e+02 5.6571e-16
5.3384e+02 5.6571e-16
5.3391e+02 5.6571e-16
5.3399e+02 5.6636e-16
5.3406e+02 5.6700e-16
5.3413e+02 5.6700e-16
5.3421e+02 5.6700e-16
5.3428e+02 5.6765e-16
5.3436e+02 5.6829e-16
5.3443e+02 5.6829e-16
5.3451e+02 5.6829e-16
5.3459e+02 5.6894e-16
5.3466e+02 5.6958e-16
5.3474e+02 5.6958e-16
5.3481e+02 5.6958e-16
5.3488e+02 5.7022e-16
5.3496e+02 5.7086e-16
5.3503e+02 5.7086e-16
5.3511e+02 5.7086e-16
5.3518e+02 5.7151e-16
5.3526e+02 5.7215e-16
5.3534e+02 5.7215e-16
5.3541e+02 5.7215e-16
5.3549e+02 5.7280e-16
5.3556e+02 5.7345e-16
5.3563e+02 5.7345e-16
5.3571e+02 5.7345e-16
5.3578e+02 5.7410e-16
5.3586e+02 5.7475e-16
5.3593e+02 5.7475e-16
5.3601e+02 5.7475e-16
5.3609e+02 5.7540e-16
5.3616e+02 5.7605e-16
5.3624e+02 5.7605e-16
5.3631e+02 5.7605e-16
5.3638e+02 5.7669e-16
5.3646e+02 5.7734e-16
5.3653e+02 5.7734e-16
5.3661e+02 5.7734e-16
5.3668e+02 5.7799e-16
5.3676e+02 5.7864e-16
5.3684e+02 5.7864e-16
5.3691e+02 5.7864e-16
5.3699e+02 5.7928e-16
5.3706e+02 5.7993e-16
5.3713e+02 5.7993e-16
5.3721e+02 5.7993e-16
5.3728e+02 5.8058e-16
5.3736e+02 5.8122e-16
5.3743e+02 5.8122e-16
5.3751e+02 5.8122e-16
5.3759e+02 5.8187e-16
5.3766e+02 5.8251e-16
5.3774e+02 5.8251e-16
5.3781e+02 5.8251e-16
5.3788e+02 5.8316e-16
5.3796e+02 5.8380e-16
5.3803e+02 5.8380e-16
5.3811e+02 5.8380e-16
5.3818e+02 5.8445e-16
5.3826e+02 5.8509e-16
5.3834e+02 5.8509e-16
5.3841e+02 5.8509e-16
5.3849e+02 5.8531e-16
5.3856e+02 5.8554e-16
5.3863e+02 5.8554e-16
5.3871e+02 5.8554e-16
5.3878e+02 5.8576e-16
5.3886e+02 5.8599e-16
5.3893e+02 5.8599e-16
5.3901e+02 5.8599e-16
5.3909e+02 5.8621e-16
5.3916e+02 5.8643e-16
5.3924e+02 5.8643e-16
5.3931e+02 5.8643e-16
5.3938e+02 5.8666e-16
5.3946e+02 5.8688e-16
5.3953e+02 5.8688e-16
5.3961e+02 5.8688e-16
5.3968e+02 5.8710e-16
5.3976e+02 5.8733e-16
5.3984e+02 5.8733e-16
5.3991e+02 5.8733e-16
5.3999e+02 5.8755e-16
5.4006e+02 5.8778e-16
5.4013e+02 5.8778e-16
5.4021e+02 5.8778e-16
5.4028e+02 5.8800e-16
5.4036e+02 5.8822e-16
5.4043e+02 5.8822e-16
5.4051e+02 5.8822e-16
5.4059e+02 5.8844e-16
5.4066e+02 5.8866e-16
5.4074e+02 5.8866e-16
5.4081e+02 5.8866e-16
5.4088e+02 5.8889e-16
5.4096e+02 5.8911e-16
5.4103e+02 5.8911e-16
5.4111e+02 5.8911e-16
5.4118e+02 5.8933e-16
5.4126e+02 5.8955e-16
5.4134e+02 5.8955e-16
5.4141e+02 5.8955e-16
5.4149e+02 5.8621e-16
5.4156e+02 5.8287e-16
5.4163e+02 5.8287e-16
5.4171e+02 5.8287e-16
5.4178e+02 5.7953e-16
5.4186e+02 5.7620e-16
5.4193e+02 5.7620e-16
5.4201e+02 5.7620e-16
5.4209e+02 5.7286e-16
5.4216e+02 5.6953e-16
5.4224e+02 5.6953e-16
5.4231e+02 5.6953e-16
5.4238e+02 5.6620e-16
5.4246e+02 5.6287e-16
5.4253e+02 5.6287e-16
5.4261e+02 5.6287e-16
5.4268e+02 5.5954e-16
5.4276e+02 5.5621e-16
5.4284e+02 5.5621e-16
5.4291e+02 5.5621e-16
5.4299e+02 5.5289e-16
5.4306e+02 5.4957e-16
5.4313e+02 5.4957e-16
5.4321e+02 5.4957e-16
5.4328e+02 5.4625e-16
5.4336e+02 5.4293e-16
5.4343e+02 5.4293e-16
5.4351e+02 5.4293e-16
5.4359e+02 5.3962e-16
5.4366e+02 5.3630e-16
5.4374e+02 5.3630e-16
5.4381e+02 5.3630e-16
5.4388e+02 5.3299e-16
5.4396e+02 5.2968e-16
5.4403e+02 5.2968e-16
5.4411e+02 5.2968e-16
5.4418e+02 5.2637e-16
5.4426e+02 5.2306e-16
5.4434e+02 5.2306e-16
5.4441e+02 5.2306e-16
5.4449e+02 5.2417e-16
5.4456e+02 5.2528e-16
5.4463e+02 5.2528e-16
5.4471e+02 5.2528e-16
5.4478e+02 5.2639e-16
5.4486e+02 5.2750e-16
5.4493e+02 5.2750e-16
5.4501e+02 5.2750e-16
5.4509e+02 5.2861e-16
5.4516e+02 5.2972e-16
5.4524e+02 5.2972e-16
5.4531e+02 5.2972e-16
5.4538e+02 5.3083e-16
5.4546e+02 5.3193e-16
5.4553e+02 5.3193e-16
5.4561e+02 5.3193e-16
5.4568e+02 5.3304e-16
5.4576e+02 5.3415e-16
5.4584e+02 5.3415e-16
5.4591e+02 5.3415e-16
5.4599e+02 5.3525e-16
5.4606e+02 5.3636e-16
5.4613e+02 5.3636e-16
5.4621e+02 5.3636e-16
5.4628e+02 5.3746e-16
5.4636e+02 5.3856e-16
5.4643e+02 5.3856e-16
5.4651e+02 5.3856e-16
5.4659e+02 5.3967e-16
5.4666e+02 5.4077e-16
5.4674e+02 5.4077e-16
5.4681e+02 5.4077e-16
5.4688e+02 5.4187e-16
5.4696e+02 5.4297e-16
5.4703e+02 5.4297e-16
5.4711e+02 5.4297e-16
5.4718e+02 5.4407e-16
5.4726e+02 5.4517e-16
5.4734e+02 5.4517e-16
5.4741e+02 5.4517e-16
5.4749e+02 5.4432e-16
5.4756e+02 5.4348e-16
5.4763e+02 5.4348e-16
5.4771e+02 5.4348e-16
5.4778e+02 5.4263e-16
5.4786e+02 5.4178e-16
5.4793e+02 5.4178e-16
5.4801e+02 5.4178e-16
5.4809e+02 5.4094e-16
5.4816e+02 5.4009e-16
5.4824e+02 5.4009e-16
5.4831e+02 5.4009e-16
5.4838e+02 5.3924e-16
5.4846e+02 5.3840e-16
5.4853e+02 5.3840e-16
5.4861e+02 5.3840e-16
5.4868e+02 5.3755e-16
5.4876e+02 5.3671e-16
5.4884e+02 5.3671e-16
5.4891e+02 5.3671e-16
5.4899e+02 5.3586e-16
5.4906e+02 5.3502e-16
5.4913e+02 5.3502e-16
5.4921e+02 5.3502e-16
5.4928e+02 5.3418e-16
5.4936e+02 5.3334e-16
5.4943e+02 5.3334e-16
5.4951e+02 5.3334e-16
5.4959e+02 5.3249e-16
5.4966e+02 5.3165e-16
5.4974e+02 5.3165e-16
5.4981e+02 5.3165e-16
5.4988e+02 5.3081e-16
5.4996e+02 5.2997e-16
5.5003e+02 5.2997e-16
5.5011e+02 5.2997e-16
5.5018e+02 5.2913e-16
5.5026e+02 5.2829e-16
5.5034e+02 5.2829e-16
5.5041e+02 5.2829e-16
5.5049e+02 5.2574e-16
5.5056e+02 5.2319e-16
5.5063e+02 5.2319e-16
5.5071e+02 5.2319e-16
5.5078e+02 5.2064e-16
5.5086e+02 5.1809e-16
5.5093e+02 5.1809e-16
5.5101e+02 5.1809e-16
5.5109e+02 5.1554e-16
5.5116e+02 5.1299e-16
5.5124e+02 5.1299e-16
5.5131e+02 5.1299e-16
5.5138e+02 5.1044e-16
5.5146e+02 5.0790e-16
5.5153e+02 5.0790e-16
5.5161e+02 5.0790e-16
5.5168e+02 5.0536e-16
5.5176e+02 5.0282e-16
5.5184e+02 5.0282e-16
5.5191e+02 5.0282e-16
5.5199e+02 5.0028e-16
5.5206e+02 4.9774e-16
5.5213e+02 4.9774e-16
5.5221e+02 4.9774e-16
5.5228e+02 4.9520e-16
5.5236e+02 4.9267e-16
5.5243e+02 4.9267e-16
5.5251e+02 4.9267e-16
5.5259e+02 4.9013e-16
5.5266e+02 4.8760e-16
5.5274e+02 4.8760e-16
5.5281e+02 4.8760e-16
5.5288e+02 4.8507e-16
5.5296e+02 4.8254e-16
5.5303e+02 4.8254e-16
5.5311e+02 4.8254e-16
5.5318e+02 4.8001e-16
5.5326e+02 4.7748e-16
5.5334e+02 4.7748e-16
5.5341e+02 4.7748e-16
5.5349e+02 4.7793e-16
5.5356e+02 4.7839e-16
5.5363e+02 4.7839e-16
5.5371e+02 4.7839e-16
5.5378e+02 4.7884e-16
5.5386e+02 4.7929e-16
5.5393e+02 4.7929e-16
5.5401e+02 4.7929e-16
5.5409e+02 4.7975e-16
5.5416e+02 4.8020e-16
5.5424e+02 4.8020e-16
5.5431e+02 4.8020e-16
5.5438e+02 4.8065e-16
5.5446e+02 4.8111e-16
5.5453e+02 4.8111e-16
5.5461e+02 4.8111e-16
5.5468e+02 4.8156e-16
5.5476e+02 4.8201e-16
5.5484e+02 4.8201e-16
5.5491e+02 4.8201e-16
5.5499e+02 4.8246e-16
5.5506e+02 4.8291e-16
5.5513e+02 4.8291e-16
5.5521e+02 4.8291e-16
5.5528e+02 4.8337e-16
5.5536e+02 4.8382e-16
5.5543e+02 4.8382e-16
5.5551e+02 4.8382e-16
5.5559e+02 4.8427e-16
5.5566e+02 4.8472e-16
5.5574e+02 4.8472e-16
5.5581e+02 4.8472e-16
5.5588e+02 4.8517e-16
5.5596e+02 4.8562e-16
5.5603e+02 4.8562e-16
5.5611e+02 4.8562e-16
5.5618e+02 4.8607e-16
5.5626e+02 4.8652e-16
5.5634e+02 4.8652e-16
5.5641e+02 4.8652e-16
5.5649e+02 4.8685e-16
5.5656e+02 4.8718e-16
5.5663e+02 4.8718e-16
5.5671e+02 4.8718e-16
5.5678e+02 4.8751e-16
5.5686e+02 4.8784e-16
5.5693e+02 4.8784e-16
5.5701e+02 4.8784e-16
5.5709e+02 4.8818e-16
5.5716e+02 4.8851e-16
5.5724e+02 4.8851e-16
5.5731e+02 4.8851e-16
5.5738e+02 4.8884e-16
5.5746e+02 4.8918e-16
5.5753e+02 4.8918e-16
5.5761e+02 4.8918e-16
5.5768e+02 4.8951e-16
5.5776e+02 4.8984e-16
5.5784e+02 4.8984e-16
5.5791e+02 4.8984e-16
5.5799e+02 4.9017e-16
5.5806e+02 4.9050e-16
5.5813e+02 4.9050e-16
5.5821e+02 4.9050e-16
5.5828e+02 4.9083e-16
5.5836e+02 4.9116e-16
5.5843e+02 4.9116e-16
5.5851e+02 4.9116e-16
5.5859e+02 4.9149e-16
5.5866e+02 4.9182e-16
5.5874e+02 4.9182e-16
5.5881e+02 4.9182e-16
5.5888e+02 4.9215e-16
5.5896e+02 4.9248e-16
5.5903e+02 4.9248e-16
5.5911e+02 4.9248e-16
5.5918e+02 4.9281e-16
5.5926e+02 4.9314e-16
5.5934e+02 4.9314e-16
5.5941e+02 4.9314e-16
5.5949e+02 4.9411e-16
5.5956e+02 4.9507e-16
5.5963e+02 4.9507e-16
5.5971e+02 4.9507e-16
5.5978e+02 4.9604e-16
5.5986e+02 4.9700e-16
5.5993e+02 4.9700e-16
5.6001e+02 4.9700e-16
5.6009e+02 4.9796e-16
5.6016e+02 4.9893e-16
5.6024e+02 4.9893e-16
5.6031e+02 4.9893e-16
5.6038e+02 4.9989e-16
5.6046e+02 5.0085e-16
5.6053e+02 5.0085e-16
5.6061e+02 5.0085e-16
5.6068e+02 5.0181e-16
5.6076e+02 5.0277e-16
5.6084e+02 5.0277e-16
5.6091e+02 5.0277e-16
5.6099e+02 5.0373e-16
5.6106e+02 5.0469e-16
5.6113e+02 5.0469e-16
5.6121e+02 5.0469e-16
5.6128e+02 5.0565e-16
5.6136e+02 5.0661e-16
5.6143e+02 5.0661e-16
5.6151e+02 5.0661e-16
5.6159e+02 5.0757e-16
5.6166e+02 5.0852e-16
5.6174e+02 5.0852e-16
5.6181e+02 5.0852e-16
5.6188e+02 5.0948e-16
5.6196e+02 5.1044e-16
5.6203e+02 5.1044e-16
5.6211e+02 5.1044e-16
5.6218e+02 5.1139e-16
5.6226e+02 5.1235e-16
5.6234e+02 5.1235e-16
5.6241e+02 5.1235e-16
5.6249e+02 5.0943e-16
5.6256e+02 5.0651e-16
5.6263e+02 5.0651e-16
5.6271e+02 5.0651e-16
5.6278e+02 5.0359e-16
5.6286e+02 5.0067e-16
5.6293e+02 5.0067e-16
5.6301e+02 5.0067e-16
5.6309e+02 4.9776e-16
5.6316e+02 4.9484e-16
5.6324e+02 4.9484e-16
5.6331e+02 4.9484e-16
5.6338e+02 4.9193e-16
5.6346e+02 4.8902e-16
5.6353e+02 4.8902e-16
5.6361e+02 4.8902e-16
5.6368e+02 4.8611e-16
5.6376e+02 4.8320e-16
5.6384e+02 4.8320e-16
5.6391e+02 4.8320e-16
5.6399e+02 4.8029e-16
5.6406e+02 4.7739e-16
5.6413e+02 4.7739e-16
5.6421e+02 4.7739e-16
5.6428e+02 4.7449e-16
5.6436e+02 4.7158e-16
5.6443e+02 4.7158e-16
5.6451e+02 4.7158e-16
5.6459e+02 4.6868e-16
5.6466e+02 4.6578e-16
5.6474e+02 4.6578e-16
5.6481e+02 4.6578e-16
5.6488e+02 4.6289e-16
5.6496e+02 4.5999e-16
5.6503e+02 4.5999e-16
5.6511e+02 4.5999e-16
5.6518e+02 4.5710e-16
5.6526e+02 4.5420e-16
5.6534e+02 4.5420e-16
5.6541e+02 4.5420e-16
5.6549e+02 4.5243e-16
5.6556e+02 4.5067e-16
5.6563e+02 4.5067e-16
5.6571e+02 4.5067e-16
5.6578e+02 4.4890e-16
5.6586e+02 4.4713e-16
5.6593e+02 4.4713e-16
5.6601e+02 4.4713e-16
5.6609e+02 4.4537e-16
5.6616e+02 4.4360e-16
5.6624e+02 4.4360e-16
5.6631e+02 4.4360e-16
5.6638e+02 4.4184e-16
5.6646e+02 4.4008e-16
5.6653e+02 4.4008e-16
5.6661e+02 4.4008e-16
5.6668e+02 4.3832e-16
5.6676e+02 4.3656e-16
5.6684e+02 4.3656e-16
5.6691e+02 4.3656e-16
5.6699e+02 4.3480e-16
5.6706e+02 4.3304e-16
5.6713e+02 4.3304e-16
5.6721e+02 4.3304e-16
5.6728e+02 4.3128e-16
5.6736e+02 4.2952e-16
5.6743e+02 4.2952e-16
5.6751e+02 4.2952e-16
5.6759e+02 4.2777e-16
5.6766e+02 4.2601e-16
5.6774e+02 4.2601e-16
5.6781e+02 4.2601e-16
5.6788e+02 4.2426e-16
5.6796e+02 4.2250e-16
5.6803e+02 4.2250e-16
5.6811e+02 4.2250e-16
5.6818e+02 4.2075e-16
5.6826e+02 4.1900e-16
5.6834e+02 4.1900e-16
5.6841e+02 4.1900e-16
5.6849e+02 4.2103e-16
5.6856e+02 4.2306e-16
5.6863e+02 4.2306e-16
5.6871e+02 4.2306e-16
5.6878e+02 4.2509e-16
5.6886e+02 4.2712e-16
5.6893e+02 4.2712e-16
5.6901e+02 4.2712e-16
5.6909e+02 4.2914e-16
5.6916e+02 4.3117e-16
5.6924e+02 4.3117e-16
5.6931e+02 4.3117e-16
5.6938e+02 4.3319e-16
5.6946e+02 4.3522e-16
5.6953e+02 4.3522e-16
5.6961e+02 4.3522e-16
5.6968e+02 4.3724e-16
5.6976e+02 4.3926e-16
5.6984e+02 4.3926e-16
5.6991e+02 4.3926e-16
5.6999e+02 4.4128e-16
5.7006e+02 4.4330e-16
5.7013e+02 4.4330e-16
5.7021e+02 4.4330e-16
5.7028e+02 4.4531e-16
5.7036e+02 4.4733e-16
5.7043e+02 4.4733e-16
5.7051e+02 4.4733e-16
5.7059e+02 4.4935e-16
5.7066e+02 4.5136e-16
5.7074e+02 4.5136e-16
5.7081e+02 4.5136e-16
5.7088e+02 4.5337e-16
5.7096e+02 4.5539e-16
5.7103e+02 4.5539e-16
5.7111e+02 4.5539e-16
5.7118e+02 4.5740e-16
5.7126e+02 4.5941e-16
5.7134e+02 4.5941e-16
5.7141e+02 4.5941e-16
5.7149e+02 4.5787e-16
5.7156e+02 4.5634e-16
5.7163e+02 4.5634e-16
5.7171e+02 4.5634e-16
5.7178e+02 4.5481e-16
5.7186e+02 4.5327e-16
5.7193e+02 4.5327e-16
5.7201e+02 4.5327e-16
5.7209e+02 4.5174e-16
5.7216e+02 4.5021e-16
5.7224e+02 4.5021e-16
5.7231e+02 4.5021e-16
5.7238e+02 4.4868e-16
5.7246e+02 4.4715e-16
5.7253e+02 4.4715e-16
5.7261e+02 4.4715e-16
5.7268e+02 4.4562e-16
5.7276e+02 4.4410e-16
5.7284e+02 4.4410e-16
5.7291e+02 4.4410e-16
5.7299e+02 4.4257e-16
5.7306e+02 4.4104e-16
5.7313e+02 4.4104e-16
5.7321e+02 4.4104e-16
5.7328e+02 4.3952e-16
5.7336e+02 4.3799e-16
5.7343e+02 4.3799e-16
5.7351e+02 4.3799e-16
5.7359e+02 4.3647e-16
5.7366e+02 4.3495e-16
5.7374e+02 4.3495e-16
5.7381e+02 4.3495e-16
5.7388e+02 4.3343e-16
5.7396e+02 4.3190e-16
5.7403e+02 4.3190e-16
5.7411e+02 4.3190e-16
5.7418e+02 4.3038e-16
5.7426e+02 4.2886e-16
5.7434e+02 4.2886e-16
5.7441e+02 4.2886e-16
5.7449e+02 4.2766e-16
5.7456e+02 4.2645e-16
5.7463e+02 4.2645e-16
5.7471e+02 4.2645e-16
5.7478e+02 4.2524e-16
5.7486e+02 4.2404e-16
5.7493e+02 4.2404e-16
5.7501e+02 4.2404e-16
5.7509e+02 4.2283e-16
5.7516e+02 4.2162e-16
5.7524e+02 4.2162e-16
5.7531e+02 4.2162e-16
5.7538e+02 4.2042e-16
5.7546e+02 4.1921e-16
5.7553e+02 4.1921e-16
5.7561e+02 4.1921e-16
5.7568e+02 4.1801e-16
5.7576e+02 4.1681e-16
5.7584e+02 4.1681e-16
5.7591e+02 4.1681e-16
5.7599e+02 4.1561e-16
5.7606e+02 4.1441e-16
5.7613e+02 4.1441e-16
5.7621e+02 4.1441e-16
5.7628e+02 4.1321e-16
5.7636e+02 4.1200e-16
5.7643e+02 4.1200e-16
5.7651e+02 4.1200e-16
5.7659e+02 4.1081e-16
5.7666e+02 4.0961e-16
5.7674e+02 4.0961e-16
5.7681e+02 4.0961e-16
5.7688e+02 4.0841e-16
5.7696e+02 4.0721e-16
5.7703e+02 4.0721e-16
5.7711e+02 4.0721e-16
5.7718e+02 4.0602e-16
5.7726e+02 4.0482e-16
5.7734e+02 4.0482e-16
5.7741e+02 4.0482e-16
5.7749e+02 4.0629e-16
5.7756e+02 4.0775e-16
5.7763e+02 4.0775e-16
5.7771e+02 4.0775e-16
5.7778e+02 4.0922e-16
5.7786e+02 4.1069e-16
5.7793e+02 4.1069e-16
5.7801e+02 4.1069e-16
5.7809e+02 4.1215e-16
5.7816e+02 4.1362e-16
5.7824e+02 4.1362e-16
5.7831e+02 4.1362e-16
5.7838e+02 4.1508e-16
5.7846e+02 4.1654e-16
5.7853e+02 4.1654e-16
5.7861e+02 4.1654e-16
5.7868e+02 4.1801e-16
5.7876e+02 4.1947e-16
5.7884e+02 4.1947e-16
5.7891e+02 4.1947e-16
5.7899e+02 4.2093e-16
5.7906e+02 4.2239e-16
5.7913e+02 4.2239e-16
5.7921e+02 4.2239e-16
5.7928e+02 4.2385e-16
5.7936e+02 4.2531e-16
5.7943e+02 4.2531e-16
5.7951e+02 4.2531e-16
5.7959e+02 4.2677e-16
5.7966e+02 4.2822e-16
5.7974e+02 4.2822e-16
5.7981e+02 4.2822e-16
5.7988e+02 4.2968e-16
5.7996e+02 4.3113e-16
5.8003e+02 4.3113e-16
5.8011e+02 4.3113e-16
5.8018e+02 4.3259e-16
5.8026e+02 4.3404e-16
5.8034e+02 4.3404e-16
5.8041e+02 4.3404e-16
5.8049e+02 4.3462e-16
5.8056e+02 4.3520e-16
5.8063e+02 4.3520e-16
5.8071e+02 4.3520e-16
5.8078e+02 4.3578e-16
5.8086e+02 4.3636e-16
5.8093e+02 4.3636e-16
5.8101e+02 4.3636e-16
5.8109e+02 4.3694e-16
5.8116e+02 4.3751e-16
5.8124e+02 4.3751e-16
5.8131e+02 4.3751e-16
5.8138e+02 4.3809e-16
5.8146e+02 4.3867e-16
5.8153e+02 4.3867e-16
5.8161e+02 4.3867e-16
5.8168e+02 4.3924e-16
5.8176e+02 4.3982e-16
5.8184e+02 4.3982e-16
5.8191e+02 4.3982e-16
5.8199e+02 4.4039e-16
5.8206e+02 4.4097e-16
5.8213e+02 4.4097e-16
5.8221e+02 4.4097e-16
5.8228e+02 4.4155e-16
5.8236e+02 4.4212e-16
5.8243e+02 4.4212e-16
5.8251e+02 4.4212e-16
5.8259e+02 4.4269e-16
5.8266e+02 4.4327e-16
5.8274e+02 4.4327e-16
5.8281e+02 4.4327e-16
5.8288e+02 4.4384e-16
5.8296e+02 4.4442e-16
5.8303e+02 4.4442e-16
5.8311e+02 4.4442e-16
5.8318e+02 4.4499e-16
5.8326e+02 4.4556e-16
5.8334e+02 4.4556e-16
5.8341e+02 4.4556e-16
5.8349e+02 4.4308e-16
5.8356e+02 4.4060e-16
5.8363e+02 4.4060e-16
5.8371e+02 4.4060e-16
5.8378e+02 4.3812e-16
5.8386e+02 4.3564e-16
5.8393e+02 4.3564e-16
5.8401e+02 4.3564e-16
5.8409e+02 4.3316e-16
5.8416e+02 4.3069e-16
5.8424e+02 4.3069e-16
5.8431e+02 4.3069e-16
5.8438e+02 4.2821e-16
5.8446e+02 4.2574e-16
5.8453e+02 4.2574e-16
5.8461e+02 4.2574e-16
5.8468e+02 4.2327e-16
5.8476e+02 4.2080e-16
5.8484e+02 4.2080e-16
5.8491e+02 4.2080e-16
5.8499e+02 4.1833e-16
5.8506e+02 4.1586e-16
5.8513e+02 4.1586e-16
5.8521e+02 4.1586e-16
5.8528e+02 4.1339e-16
5.8536e+02 4.1093e-16
5.8543e+02 4.1093e-16
5.8551e+02 4.1093e-16
5.8559e+02 4.0846e-16
5.8566e+02 4.0600e-16
5.8574e+02 4.0600e-16
5.8581e+02 4.0600e-16
5.8588e+02 4.0354e-16
5.8596e+02 4.0108e-16
5.8603e+02 4.0108e-16
5.8611e+02 4.0108e-16
5.8618e+02 3.9862e-16
5.8626e+02 3.9616e-16
5.8634e+02 3.9616e-16
5.8641e+02 3.9616e-16
5.8649e+02 3.9769e-16
5.8656e+02 3.9921e-16
5.8663e+02 3.9921e-16
5.8671e+02 3.9921e-16
5.8678e+02 4.0074e-16
5.8686e+02 4.0226e-16
5.8693e+02 4.0226e-16
5.8701e+02 4.0226e-16
5.8709e+02 4.0379e-16
5.8716e+02 4.0531e-16
5.8724e+02 4.0531e-16
5.8731e+02 4.0531e-16
5.8738e+02 4.0683e-16
5.8746e+02 4.0836e-16
5.8753e+02 4.0836e-16
5.8761e+02 4.0836e-16
5.8768e+02 4.0988e-16
5.8776e+02 4.1140e-16
5.8784e+02 4.1140e-16
5.8791e+02 4.1140e-16
5.8799e+02 4.1292e-16
5.8806e+02 4.1444e-16
5.8813e+02 4.1444e-16
5.8821e+02 4.1444e-16
5.8828e+02 4.1596e-16
5.8836e+02 4.1747e-16
5.8843e+02 4.1747e-16
5.8851e+02 4.1747e-16
5.8859e+02 4.1899e-16
5.8866e+02 4.2051e-16
5.8874e+02 4.2051e-16
5.8881e+02 4.2051e-16
5.8888e+02 4.2202e-16
5.8896e+02 4.2354e-16
5.8903e+02 4.2354e-16
5.8911e+02 4.2354e-16
5.8918e+02 4.2505e-16
5.8926e+02 4.2656e-16
5.8934e+02 4.2656e-16
5.8941e+02 4.2656e-16
5.8949e+02 4.2807e-16
5.8956e+02 4.2959e-16
5.8963e+02 4.2959e-16
5.8971e+02 4.2959e-16
5.8978e+02 4.3110e-16
5.8986e+02 4.3261e-16
5.8993e+02 4.3261e-16
5.9001e+02 4.3261e-16
5.9009e+02 4.3369e-16
5.9016e+02 4.3477e-16
5.9024e+02 4.3477e-16
5.9031e+02 4.3477e-16
5.9038e+02 4.3585e-16
5.9046e+02 4.3693e-16
5.9053e+02 4.3693e-16
5.9061e+02 4.3693e-16
5.9068e+02 4.3801e-16
5.9076e+02 4.3909e-16
5.9084e+02 4.3909e-16
5.9091e+02 4.3909e-16
5.9099e+02 4.4017e-16
5.9106e+02 4.4125e-16
5.9113e+02 4.4125e-16
5.9121e+02 4.4125e-16
5.9128e+02 4.4232e-16
5.9136e+02 4.4340e-16
5.9143e+02 4.4340e-16
5.9151e+02 4.4340e-16
5.9159e+02 4.4448e-16
5.9166e+02 4.4555e-16
5.9174e+02 4.4555e-16
5.9181e+02 4.4555e-16
5.9188e+02 4.4663e-16
5.9196e+02 4.4770e-16
5.9203e+02 4.4770e-16
5.9211e+02 4.4770e-16
5.9218e+02 4.4878e-16
5.9226e+02 4.4985e-16
5.9234e+02 4.4985e-16
5.9241e+02 4.4985e-16
5.9249e+02 4.5092e-16
5.9256e+02 4.5199e-16
5.9263e+02 4.5199e-16
5.9271e+02 4.5199e-16
5.9278e+02 4.4985e-16
5.9286e+02 4.4771e-16
5.9293e+02 4.4771e-16
5.9301e+02 4.4771e-16
5.9309e+02 4.4557e-16
5.9316e+02 4.4343e-16
5.9324e+02 4.4343e-16
5.9331e+02 4.4343e-16
5.9338e+02 4.4130e-16
5.9346e+02 4.3916e-16
5.9353e+02 4.3916e-16
5.9361e+02 4.3916e-16
5.9368e+02 4.3702e-16
5.9376e+02 4.3489e-16
5.9384e+02 4.3489e-16
5.9391e+02 4.3489e-16
5.9399e+02 4.3276e-16
5.9406e+02 4.3062e-16
5.9413e+02 4.3062e-16
5.9421e+02 4.3062e-16
5.9428e+02 4.2849e-16
5.9436e+02 4.2636e-16
5.9443e+02 4.2636e-16
5.9451e+02 4.2636e-16
5.9459e+02 4.2423e-16
5.9466e+02 4.2210e-16
5.9474e+02 4.2210e-16
5.9481e+02 4.2210e-16
5.9488e+02 4.1997e-16
5.9496e+02 4.1785e-16
5.9503e+02 4.1785e-16
5.9511e+02 4.1785e-16
5.9518e+02 4.1752e-16
5.9526e+02 4.1719e-16
5.9534e+02 4.1719e-16
5.9541e+02 4.1719e-16
5.9549e+02 4.1686e-16
5.9556e+02 4.1653e-16
5.9563e+02 4.1653e-16
5.9571e+02 4.1653e-16
5.9578e+02 4.1620e-16
5.9586e+02 4.1587e-16
5.9593e+02 4.1587e-16
5.9601e+02 4.1587e-16
5.9609e+02 4.1554e-16
5.9616e+02 4.1521e-16
5.9624e+02 4.1521e-16
5.9631e+02 4.1521e-16
5.9638e+02 4.1488e-16
5.9646e+02 4.1455e-16
5.9653e+02 4.1455e-16
5.9661e+02 4.1455e-16
5.9668e+02 4.1422e-16
5.9676e+02 4.1389e-16
5.9684e+02 4.1389e-16
5.9691e+02 4.1389e-16
5.9699e+02 4.1356e-16
5.9706e+02 4.1324e-16
5.9713e+02 4.1324e-16
5.9721e+02 4.1324e-16
5.9728e+02 4.1291e-16
5.9736e+02 4.1258e-16
5.9743e+02 4.1258e-16
5.9751e+02 4.1258e-16
5.9759e+02 4.1225e-16
5.9766e+02 4.1192e-16
5.9774e+02 4.1192e-16
5.9781e+02 4.1192e-16
5.9788e+02 4.1160e-16
5.9796e+02 4.1127e-16
5.9803e+02 4.1127e-16
5.9811e+02 4.1127e-16
5.9818e+02 4.1094e-16
5.9826e+02 4.1062e-16
5.9834e+02 4.1062e-16
5.9841e+02 4.1062e-16
5.9849e+02 4.1137e-16
5.9856e+02 4.1212e-16
5.9863e+02 4.1212e-16
5.9871e+02 4.1212e-16
5.9878e+02 4.1287e-16
5.9886e+02 4.1362e-16
5.9893e+02 4.1362e-16
5.9901e+02 4.1362e-16
5.9909e+02 4.1437e-16
5.9916e+02 4.1512e-16
5.9924e+02 4.1512e-16
5.9931e+02 4.1512e-16
5.9938e+02 4.1587e-16
5.9946e+02 4.1662e-16
5.9953e+02 4.1662e-16
5.9961e+02 4.1662e-16
5.9968e+02 4.1737e-16
5.9976e+02 4.1812e-16
5.9984e+02 4.1812e-16
5.9991e+02 4.1812e-16
5.9999e+02 4.1886e-16
6.0006e+02 4.1961e-16
6.0013e+02 4.1961e-16
6.0021e+02 4.1961e-16
6.0028e+02 4.2036e-16
6.0036e+02 4.2111e-16
6.0043e+02 4.2111e-16
6.0051e+02 4.2111e-16
6.0059e+02 4.2185e-16
6.0066e+02 4.2260e-16
6.0074e+02 4.2260e-16
6.0081e+02 4.2260e-16
6.0088e+02 4.2334e-16
6.0096e+02 4.2409e-16
6.0103e+02 4.2409e-16
6.0111e+02 4.2409e-16
6.0118e+02 4.2484e-16
6.0126e+02 4.2558e-16
6.0134e+02 4.2558e-16
6.0141e+02 4.2558e-16
6.0149e+02 4.2535e-16
6.0156e+02 4.2511e-16
6.0163e+02 4.2511e-16
6.0171e+02 4.2511e-16
6.0178e+02 4.2488e-16
6.0186e+02 4.2465e-16
6.0193e+02 4.2465e-16
6.0201e+02 4.2465e-16
6.0209e+02 4.2441e-16
6.0216e+02 4.2418e-16
6.0224e+02 4.2418e-16
6.0231e+02 4.2418e-16
6.0238e+02 4.2395e-16
6.0246e+02 4.2371e-16
6.0253e+02 4.2371e-16
6.0261e+02 4.2371e-16
6.0268e+02 4.2348e-16
6.0276e+02 4.2325e-16
6.0284e+02 4.2325e-16
6.0291e+02 4.2325e-16
6.0299e+02 4.2301e-16
6.0306e+02 4.2278e-16
6.0313e+02 4.2278e-16
6.0321e+02 4.2278e-16
6.0328e+02 4.2255e-16
6.0336e+02 4.2232e-16
6.0343e+02 4.2232e-16
6.0351e+02 4.2232e-16
6.0359e+02 4.2209e-16
6.0366e+02 4.2185e-16
6.0374e+02 4.2185e-16
6.0381e+02 4.2185e-16
6.0388e+02 4.2162e-16
6.0396e+02 4.2139e-16
6.0403e+02 4.2139e-16
6.0411e+02 4.2139e-16
6.0418e+02 4.2116e-16
6.0426e+02 4.2093e-16
6.0434e+02 4.2093e-16
6.0441e+02 4.2093e-16
6.0449e+02 4.2151e-16
6.0456e+02 4.2209e-16
6.0463e+02 4.2209e-16
6.0471e+02 4.2209e-16
6.0478e+02 4.2266e-16
6.0486e+02 4.2324e-16
6.0493e+02 4.2324e-16
6.0501e+02 4.2324e-16
6.0509e+02 4.2382e-16
6.0516e+02 4.2440e-16
6.0524e+02 4.2440e-16
6.0531e+02 4.2440e-16
6.0538e+02 4.2498e-16
6.0546e+02 4.2556e-16
6.0553e+02 4.2556e-16
6.0561e+02 4.2556e-16
6.0568e+02 4.2614e-16
6.0576e+02 4.2671e-16
6.0584e+02 4.2671e-16
6.0591e+02 4.2671e-16
6.0599e+02 4.2729e-16
6.0606e+02 4.2787e-16
6.0613e+02 4.2787e-16
6.0621e+02 4.2787e-16
6.0628e+02 4.2844e-16
6.0636e+02 4.2902e-16
6.0643e+02 4.2902e-16
6.0651e+02 4.2902e-16
6.0659e+02 4.2960e-16
6.0666e+02 4.3017e-16
6.0674e+02 4.3017e-16
6.0681e+02 4.3017e-16
6.0688e+02 4.3075e-16
6.0696e+02 4.3132e-16
6.0703e+02 4.3132e-16
6.0711e+02 4.3132e-16
6.0718e+02 4.3190e-16
6.0726e+02 4.3247e-16
6.0734e+02 4.3247e-16
6.0741e+02 4.3247e-16
6.0749e+02 4.3042e-16
6.0756e+02 4.2837e-16
6.0763e+02 4.2837e-16
6.0771e+02 4.2837e-16
6.0778e+02 4.2631e-16
6.0786e+02 4.2426e-16
6.0793e+02 4.2426e-16
6.0801e+02 4.2426e-16
6.0809e+02 4.2221e-16
6.0816e+02 4.2016e-16
6.0824e+02 4.2016e-16
6.0831e+02 4.2016e-16
6.0838e+02 4.1812e-16
6.0846e+02 4.1607e-16
6.0853e+02 4.1607e-16
6.0861e+02 4.1607e-16
6.0868e+02 4.1402e-16
6.0876e+02 4.1198e-16
6.0884e+02 4.1198e-16
6.0891e+02 4.1198e-16
6.0899e+02 4.0993e-16
6.0906e+02 4.0789e-16
6.0913e+02 4.0789e-16
6.0921e+02 4.0789e-16
6.0928e+02 4.0585e-16
6.0936e+02 4.0381e-16
6.0943e+02 4.0381e-16
6.0951e+02 4.0381e-16
6.0959e+02 4.0177e-16
6.0966e+02 3.9973e-16
6.0974e+02 3.9973e-16
6.0981e+02 3.9973e-16
6.0988e+02 3.9769e-16
6.0996e+02 3.9566e-16
6.1003e+02 3.9566e-16
6.1011e+02 3.9566e-16
6.1018e+02 3.9362e-16
6.1026e+02 3.9159e-16
6.1034e+02 3.9159e-16
6.1041e+02 3.9159e-16
6.1049e+02 3.9196e-16
6.1056e+02 3.9234e-16
6.1063e+02 3.9234e-16
6.1071e+02 3.9234e-16
6.1078e+02 3.9272e-16
6.1086e+02 3.9310e-16
6.1093e+02 3.9310e-16
6.1101e+02 3.9310e-16
6.1109e+02 3.9348e-16
6.1116e+02 3.9386e-16
6.1124e+02 3.9386e-16
6.1131e+02 3.9386e-16
6.1138e+02 3.9423e-16
6.1146e+02 3.9461e-16
6.1153e+02 3.9461e-16
6.1161e+02 3.9461e-16
6.1168e+02 3.9499e-16
6.1176e+02 3.9537e-16
6.1184e+02 3.9537e-16
6.1191e+02 3.9537e-16
6.1199e+02 3.9574e-16
6.1206e+02 3.9612e-16
6.1213e+02 3.9612e-16
6.1221e+02 3.9612e-16
6.1228e+02 3.9650e-16
6.1236e+02 3.9687e-16
6.1243e+02 3.9687e-16
6.1251e+02 3.9687e-16
6.1259e+02 3.9725e-16
6.1266e+02 3.9762e-16
6.1274e+02 3.9762e-16
6.1281e+02 3.9762e-16
6.1288e+02 3.9800e-16
6.1296e+02 3.9838e-16
6.1303e+02 3.9838e-16
6.1311e+02 3.9838e-16
6.1318e+02 3.9875e-16
6.1326e+02 3.9913e-16
6.1334e+02 3.9913e-16
6.1341e+02 3.9913e-16
6.1349e+02 3.9816e-16
6.1356e+02 3.9719e-16
6.1363e+02 3.9719e-16
6.1371e+02 3.9719e-16
6.1378e+02 3.9622e-16
6.1386e+02 3.9525e-16
6.1393e+02 3.9525e-16
6.1401e+02 3.9525e-16
6.1409e+02 3.9428e-16
6.1416e+02 3.9331e-16
6.1424e+02 3.9331e-16
6.1431e+02 3.9331e-16
6.1438e+02 3.9235e-16
6.1446e+02 3.9138e-16
6.1453e+02 3.9138e-16
6.1461e+02 3.9138e-16
6.1468e+02 3.9041e-16
6.1476e+02 3.8945e-16
6.1484e+02 3.8945e-16
6.1491e+02 3.8945e-16
6.1499e+02 3.8848e-16
6.1506e+02 3.8752e-16
6.1513e+02 3.8752e-16
6.1521e+02 3.8752e-16
6.1528e+02 3.8655e-16
6.1536e+02 3.8559e-16
6.1543e+02 3.8559e-16
6.1551e+02 3.8559e-16
6.1559e+02 3.8463e-16
6.1566e+02 3.8366e-16
6.1574e+02 3.8366e-16
6.1581e+02 3.8366e-16
6.1588e+02 3.8270e-16
6.1596e+02 3.8174e-16
6.1603e+02 3.8174e-16
6.1611e+02 3.8174e-16
6.1618e+02 3.8078e-16
6.1626e+02 3.7982e-16
6.1634e+02 3.7982e-16
6.1641e+02 3.7982e-16
6.1649e+02 3.8008e-16
6.1656e+02 3.8035e-16
6.1663e+02 3.8035e-16
6.1671e+02 3.8035e-16
6.1678e+02 3.8062e-16
6.1686e+02 3.8088e-16
6.1693e+02 3.8088e-16
6.1701e+02 3.8088e-16
6.1709e+02 3.8115e-16
6.1716e+02 3.8142e-16
6.1724e+02 3.8142e-16
6.1731e+02 3.8142e-16
6.1738e+02 3.8168e-16
6.1746e+02 3.8195e-16
6.1753e+02 3.8195e-16
6.1761e+02 3.8195e-16
6.1768e+02 3.8221e-16
6.1776e+02 3.8248e-16
6.1784e+02 3.8248e-16
6.1791e+02 3.8248e-16
6.1799e+02 3.8275e-16
6.1806e+02 3.8301e-16
6.1813e+02 3.8301e-16
6.1821e+02 3.8301e-16
6.1828e+02 3.8328e-16
6.1836e+02 3.8354e-16
6.1843e+02 3.8354e-16
6.1851e+02 3.8354e-16
6.1859e+02 3.8381e-16
6.1866e+02 3.8407e-16
6.1874e+02 3.8407e-16
6.1881e+02 3.8407e-16
6.1888e+02 3.8434e-16
6.1896e+02 3.8460e-16
6.1903e+02 3.8460e-16
6.1911e+02 3.8460e-16
6.1918e+02 3.8487e-16
6.1926e+02 3.8513e-16
6.1934e+02 3.8513e-16
6.1941e+02 3.8513e-16
6.1949e+02 3.8671e-16
6.1956e+02 3.8829e-16
6.1963e+02 3.8829e-16
6.1971e+02 3.8829e-16
6.1978e+02 3.8987e-16
6.1986e+02 3.9146e-16
6.1993e+02 3.9146e-16
6.2001e+02 3.9146e-16
6.2009e+02 3.9303e-16
6.2016e+02 3.9461e-16
6.2024e+02 3.9461e-16
6.2031e+02 3.9461e-16
6.2038e+02 3.9619e-16
6.2046e+02 3.9777e-16
6.2053e+02 3.9777e-16
6.2061e+02 3.9777e-16
6.2068e+02 3.9934e-16
6.2076e+02 4.0092e-16
6.2084e+02 4.0092e-16
6.2091e+02 4.0092e-16
6.2099e+02 4.0249e-16
6.2106e+02 4.0407e-16
6.2113e+02 4.0407e-16
6.2121e+02 4.0407e-16
6.2128e+02 4.0564e-16
6.2136e+02 4.0721e-16
6.2143e+02 4.0721e-16
6.2151e+02 4.0721e-16
6.2159e+02 4.0879e-16
6.2166e+02 4.1036e-16
6.2174e+02 4.1036e-16
6.2181e+02 4.1036e-16
6.2188e+02 4.1193e-16
6.2196e+02 4.1350e-16
6.2203e+02 4.1350e-16
6.2211e+02 4.1350e-16
6.2218e+02 4.0784e-16
6.2226e+02 4.0217e-16
6.2234e+02 4.0217e-16
6.2241e+02 4.0217e-16
6.2249e+02 3.9652e-16
6.2256e+02 3.9086e-16
6.2263e+02 3.9086e-16
6.2271e+02 3.9086e-16
6.2278e+02 3.8521e-16
6.2286e+02 3.7956e-16
6.2293e+02 3.7956e-16
6.2301e+02 3.7956e-16
6.2309e+02 3.7391e-16
6.2316e+02 3.6826e-16
6.2324e+02 3.6826e-16
6.2331e+02 3.6826e-16
6.2338e+02 3.6967e-16
6.2346e+02 3.7107e-16
6.2353e+02 3.7107e-16
6.2361e+02 3.7107e-16
6.2368e+02 3.7247e-16
6.2376e+02 3.7387e-16
6.2384e+02 3.7387e-16
6.2391e+02 3.7387e-16
6.2399e+02 3.7528e-16
6.2406e+02 3.7668e-16
6.2413e+02 3.7668e-16
6.2421e+02 3.7668e-16
6.2428e+02 3.7808e-16
6.2436e+02 3.7948e-16
6.2443e+02 3.7948e-16
6.2451e+02 3.7948e-16
6.2459e+02 3.8087e-16
6.2466e+02 3.8227e-16
6.2474e+02 3.8227e-16
6.2481e+02 3.8227e-16
6.2488e+02 3.8367e-16
6.2496e+02 3.8506e-16
6.2503e+02 3.8506e-16
6.2511e+02 3.8506e-16
6.2518e+02 3.8646e-16
6.2526e+02 3.8785e-16
6.2534e+02 3.8785e-16
6.2541e+02 3.8785e-16
6.2549e+02 3.8663e-16
6.2556e+02 3.8542e-16
6.2563e+02 3.8542e-16
6.2571e+02 3.8542e-16
6.2578e+02 3.8420e-16
6.2586e+02 3.8298e-16
6.2593e+02 3.8298e-16
6.2601e+02 3.8298e-16
6.2609e+02 3.8177e-16
6.2616e+02 3.8055e-16
6.2624e+02 3.8055e-16
6.2631e+02 3.8055e-16
6.2638e+02 3.7934e-16
6.2646e+02 3.7812e-16
6.2653e+02 3.7812e-16
6.2661e+02 3.7812e-16
6.2668e+02 3.7691e-16
6.2676e+02 3.7569e-16
6.2684e+02 3.7569e-16
6.2691e+02 3.7569e-16
6.2699e+02 3.7448e-16
6.2706e+02 3.7327e-16
6.2713e+02 3.7327e-16
6.2721e+02 3.7327e-16
6.2728e+02 3.7206e-16
6.2736e+02 3.7084e-16
6.2743e+02 3.7084e-16
6.2751e+02 3.7084e-16
6.2759e+02 3.6963e-16
6.2766e+02 3.6842e-16
6.2774e+02 3.6842e-16
6.2781e+02 3.6842e-16
6.2788e+02 3.6722e-16
6.2796e+02 3.6601e-16
6.2803e+02 3.6601e-16
6.2811e+02 3.6601e-16
6.2818e+02 3.6480e-16
6.2826e+02 3.6359e-16
6.2834e+02 3.6359e-16
6.2841e+02 3.6359e-16
6.2849e+02 3.6432e-16
6.2856e+02 3.6505e-16
6.2863e+02 3.6505e-16
6.2871e+02 3.6505e-16
6.2878e+02 3.6578e-16
6.2886e+02 3.6651e-16
6.2893e+02 3.6651e-16
6.2901e+02 3.6651e-16
6.2909e+02 3.6724e-16
6.2916e+02 3.6797e-16
6.2924e+02 3.6797e-16
6.2931e+02 3.6797e-16
6.2938e+02 3.6870e-16
6.2946e+02 3.6942e-16
6.2953e+02 3.6942e-16
6.2961e+02 3.6942e-16
6.2968e+02 3.7015e-16
6.2976e+02 3.7088e-16
6.2984e+02 3.7088e-16
6.2991e+02 3.7088e-16
6.2999e+02 3.7161e-16
6.3006e+02 3.7233e-16
6.3013e+02 3.7233e-16
6.3021e+02 3.7233e-16
6.3028e+02 3.7306e-16
6.3036e+02 3.7378e-16
6.3043e+02 3.7378e-16
6.3051e+02 3.7378e-16
6.3059e+02 3.7451e-16
6.3066e+02 3.7523e-16
6.3074e+02 3.7523e-16
6.3081e+02 3.7523e-16
6.3088e+02 3.7596e-16
6.3096e+02 3.7668e-16
6.3103e+02 3.7668e-16
6.3111e+02 3.7668e-16
6.3118e+02 3.7741e-16
6.3126e+02 3.7813e-16
6.3134e+02 3.7813e-16
6.3141e+02 3.7813e-16
6.3149e+02 3.7818e-16
6.3156e+02 3.7823e-16
6.3163e+02 3.7823e-16
6.3171e+02 3.7823e-16
6.3178e+02 3.7828e-16
6.3186e+02 3.7833e-16
6.3193e+02 3.7833e-16
6.3201e+02 3.7833e-16
6.3209e+02 3.7838e-16
6.3216e+02 3.7843e-16
6.3224e+02 3.7843e-16
