# lam(nm) Flux (erg/s/cm2/Ang)
3.0439e+02 1.6028e-15
3.0455e+02 1.5885e-15
3.0469e+02 1.5885e-15
3.0485e+02 1.5885e-15
3.0500e+02 1.5885e-15
3.0514e+02 1.5885e-15
3.0530e+02 1.5885e-15
3.0544e+02 1.5457e-15
3.0560e+02 1.5030e-15
3.0575e+02 1.5030e-15
3.0589e+02 1.5030e-15
3.0605e+02 1.5030e-15
3.0619e+02 1.5030e-15
3.0635e+02 1.4694e-15
3.0650e+02 1.4358e-15
3.0664e+02 1.4358e-15
3.0680e+02 1.4358e-15
3.0694e+02 1.4358e-15
3.0710e+02 1.4358e-15
3.0725e+02 1.4358e-15
3.0739e+02 1.3631e-15
3.0755e+02 1.2905e-15
3.0769e+02 1.2905e-15
3.0785e+02 1.2905e-15
3.0800e+02 1.2905e-15
3.0814e+02 1.2905e-15
3.0830e+02 1.2905e-15
3.0844e+02 1.2334e-15
3.0860e+02 1.1764e-15
3.0875e+02 1.1764e-15
3.0889e+02 1.1764e-15
3.0905e+02 1.1764e-15
3.0919e+02 1.1764e-15
3.0935e+02 1.2705e-15
3.0950e+02 1.3647e-15
3.0964e+02 1.3647e-15
3.0980e+02 1.3647e-15
3.0994e+02 1.3647e-15
3.1010e+02 1.3647e-15
3.1025e+02 1.3647e-15
3.1039e+02 1.5500e-15
3.1055e+02 1.7354e-15
3.1069e+02 1.7354e-15
3.1085e+02 1.7354e-15
3.1100e+02 1.7354e-15
3.1114e+02 1.7354e-15
3.1130e+02 1.7354e-15
3.1144e+02 1.6511e-15
3.1160e+02 1.5667e-15
3.1175e+02 1.5667e-15
3.1189e+02 1.5667e-15
3.1205e+02 1.5667e-15
3.1219e+02 1.5667e-15
3.1235e+02 1.5577e-15
3.1250e+02 1.5486e-15
3.1264e+02 1.5486e-15
3.1280e+02 1.5486e-15
3.1294e+02 1.5486e-15
3.1310e+02 1.5486e-15
3.1325e+02 1.5486e-15
3.1339e+02 1.5581e-15
3.1355e+02 1.5675e-15
3.1369e+02 1.5675e-15
3.1385e+02 1.5675e-15
3.1400e+02 1.5675e-15
3.1414e+02 1.5675e-15
3.1430e+02 1.5675e-15
3.1444e+02 1.5403e-15
3.1460e+02 1.5132e-15
3.1475e+02 1.5132e-15
3.1489e+02 1.5132e-15
3.1505e+02 1.5132e-15
3.1519e+02 1.5132e-15
3.1535e+02 1.4879e-15
3.1550e+02 1.4625e-15
3.1564e+02 1.4625e-15
3.1580e+02 1.4625e-15
3.1594e+02 1.4625e-15
3.1610e+02 1.4625e-15
3.1625e+02 1.4625e-15
3.1639e+02 1.4945e-15
3.1655e+02 1.5264e-15
3.1669e+02 1.5264e-15
3.1685e+02 1.5264e-15
3.1700e+02 1.5264e-15
3.1714e+02 1.5264e-15
3.1730e+02 1.5264e-15
3.1744e+02 1.4956e-15
3.1760e+02 1.4649e-15
3.1775e+02 1.4649e-15
3.1789e+02 1.4649e-15
3.1805e+02 1.4649e-15
3.1819e+02 1.4649e-15
3.1835e+02 1.4160e-15
3.1850e+02 1.3670e-15
3.1864e+02 1.3670e-15
3.1880e+02 1.3670e-15
3.1894e+02 1.3670e-15
3.1910e+02 1.3670e-15
3.1925e+02 1.3670e-15
3.1939e+02 1.3955e-15
3.1955e+02 1.4240e-15
3.1969e+02 1.4240e-15
3.1985e+02 1.4240e-15
3.2000e+02 1.4240e-15
3.2014e+02 1.4240e-15
3.2030e+02 1.4240e-15
3.2044e+02 1.3872e-15
3.2060e+02 1.3505e-15
3.2075e+02 1.3505e-15
3.2089e+02 1.3505e-15
3.2105e+02 1.3505e-15
3.2119e+02 1.3505e-15
3.2135e+02 1.3349e-15
3.2150e+02 1.3194e-15
3.2164e+02 1.3194e-15
3.2180e+02 1.3194e-15
3.2194e+02 1.3194e-15
3.2210e+02 1.3194e-15
3.2225e+02 1.3194e-15
3.2239e+02 1.3683e-15
3.2255e+02 1.4173e-15
3.2269e+02 1.4173e-15
3.2285e+02 1.4173e-15
3.2300e+02 1.4173e-15
3.2314e+02 1.4173e-15
3.2330e+02 1.4173e-15
3.2344e+02 1.3839e-15
3.2360e+02 1.3506e-15
3.2375e+02 1.3506e-15
3.2389e+02 1.3506e-15
3.2405e+02 1.3506e-15
3.2419e+02 1.3506e-15
3.2435e+02 1.3533e-15
3.2450e+02 1.3561e-15
3.2464e+02 1.3561e-15
3.2480e+02 1.3561e-15
3.2494e+02 1.3561e-15
3.2510e+02 1.3561e-15
3.2525e+02 1.3561e-15
3.2539e+02 1.3600e-15
3.2555e+02 1.3640e-15
3.2569e+02 1.3640e-15
3.2585e+02 1.3640e-15
3.2600e+02 1.3640e-15
3.2614e+02 1.3640e-15
3.2630e+02 1.3640e-15
3.2644e+02 1.3975e-15
3.2660e+02 1.4310e-15
3.2675e+02 1.4310e-15
3.2689e+02 1.4310e-15
3.2705e+02 1.4310e-15
3.2719e+02 1.4310e-15
3.2735e+02 1.4527e-15
3.2750e+02 1.4745e-15
3.2764e+02 1.4745e-15
3.2780e+02 1.4745e-15
3.2794e+02 1.4745e-15
3.2810e+02 1.4745e-15
3.2825e+02 1.4745e-15
3.2839e+02 1.4923e-15
3.2855e+02 1.5102e-15
3.2869e+02 1.5102e-15
3.2885e+02 1.5102e-15
3.2900e+02 1.5102e-15
3.2914e+02 1.5102e-15
3.2930e+02 1.5102e-15
3.2944e+02 1.4976e-15
3.2960e+02 1.4850e-15
3.2975e+02 1.4850e-15
3.2989e+02 1.4850e-15
3.3005e+02 1.4850e-15
3.3019e+02 1.4850e-15
3.3035e+02 1.4103e-15
3.3050e+02 1.3357e-15
3.3064e+02 1.3357e-15
3.3080e+02 1.3357e-15
3.3094e+02 1.3357e-15
3.3110e+02 1.3357e-15
3.3125e+02 1.3357e-15
3.3139e+02 1.3755e-15
3.3155e+02 1.4153e-15
3.3169e+02 1.4153e-15
3.3185e+02 1.4153e-15
3.3200e+02 1.4153e-15
3.3214e+02 1.4153e-15
3.3230e+02 1.4153e-15
3.3244e+02 1.4277e-15
3.3260e+02 1.4401e-15
3.3275e+02 1.4401e-15
3.3289e+02 1.4401e-15
3.3305e+02 1.4401e-15
3.3319e+02 1.4401e-15
3.3335e+02 1.3674e-15
3.3350e+02 1.2947e-15
3.3364e+02 1.2947e-15
3.3380e+02 1.2947e-15
3.3394e+02 1.2947e-15
3.3410e+02 1.2947e-15
3.3425e+02 1.2947e-15
3.3439e+02 1.3235e-15
3.3455e+02 1.3523e-15
3.3469e+02 1.3523e-15
3.3485e+02 1.3523e-15
3.3500e+02 1.3523e-15
3.3514e+02 1.3523e-15
3.3530e+02 1.3523e-15
3.3544e+02 1.3817e-15
3.3560e+02 1.4112e-15
3.3575e+02 1.4112e-15
3.3589e+02 1.4112e-15
3.3605e+02 1.4112e-15
3.3619e+02 1.4112e-15
3.3635e+02 1.3919e-15
3.3650e+02 1.3727e-15
3.3664e+02 1.3727e-15
3.3680e+02 1.3727e-15
3.3694e+02 1.3727e-15
3.3710e+02 1.3727e-15
3.3725e+02 1.3727e-15
3.3739e+02 1.3446e-15
3.3755e+02 1.3164e-15
3.3769e+02 1.3164e-15
3.3785e+02 1.3164e-15
3.3800e+02 1.3164e-15
3.3814e+02 1.3164e-15
3.3830e+02 1.3164e-15
3.3844e+02 1.3328e-15
3.3860e+02 1.3492e-15
3.3875e+02 1.3492e-15
3.3889e+02 1.3492e-15
3.3905e+02 1.3492e-15
3.3919e+02 1.3492e-15
3.3935e+02 1.3490e-15
3.3950e+02 1.3488e-15
3.3964e+02 1.3488e-15
3.3980e+02 1.3488e-15
3.3994e+02 1.3488e-15
3.4010e+02 1.3488e-15
3.4025e+02 1.3488e-15
3.4039e+02 1.3423e-15
3.4055e+02 1.3357e-15
3.4069e+02 1.3357e-15
3.4085e+02 1.3357e-15
3.4100e+02 1.3357e-15
3.4114e+02 1.3357e-15
3.4130e+02 1.3357e-15
3.4144e+02 1.3229e-15
3.4160e+02 1.3101e-15
3.4175e+02 1.3101e-15
3.4189e+02 1.3101e-15
3.4205e+02 1.3101e-15
3.4219e+02 1.3101e-15
3.4235e+02 1.2918e-15
3.4250e+02 1.2736e-15
3.4264e+02 1.2736e-15
3.4280e+02 1.2736e-15
3.4294e+02 1.2736e-15
3.4310e+02 1.2736e-15
3.4325e+02 1.2736e-15
3.4339e+02 1.3178e-15
3.4355e+02 1.3621e-15
3.4369e+02 1.3621e-15
3.4385e+02 1.3621e-15
3.4400e+02 1.3621e-15
3.4414e+02 1.3621e-15
3.4430e+02 1.3621e-15
3.4444e+02 1.3395e-15
3.4460e+02 1.3170e-15
3.4475e+02 1.3170e-15
3.4489e+02 1.3170e-15
3.4505e+02 1.3170e-15
3.4519e+02 1.3170e-15
3.4535e+02 1.3761e-15
3.4550e+02 1.4353e-15
3.4564e+02 1.4353e-15
3.4580e+02 1.4353e-15
3.4594e+02 1.4353e-15
3.4610e+02 1.4353e-15
3.4625e+02 1.4353e-15
3.4639e+02 1.4108e-15
3.4655e+02 1.3863e-15
3.4669e+02 1.3863e-15
3.4685e+02 1.3863e-15
3.4700e+02 1.3863e-15
3.4714e+02 1.3863e-15
3.4730e+02 1.3863e-15
3.4744e+02 1.3620e-15
3.4760e+02 1.3378e-15
3.4775e+02 1.3378e-15
3.4789e+02 1.3378e-15
3.4805e+02 1.3378e-15
3.4819e+02 1.3378e-15
3.4835e+02 1.3442e-15
3.4850e+02 1.3506e-15
3.4864e+02 1.3506e-15
3.4880e+02 1.3506e-15
3.4894e+02 1.3506e-15
3.4910e+02 1.3506e-15
3.4925e+02 1.3506e-15
3.4939e+02 1.3634e-15
3.4955e+02 1.3763e-15
3.4969e+02 1.3763e-15
3.4985e+02 1.3763e-15
3.5000e+02 1.3763e-15
3.5014e+02 1.3763e-15
3.5030e+02 1.3763e-15
3.5044e+02 1.4050e-15
3.5060e+02 1.4336e-15
3.5075e+02 1.4336e-15
3.5089e+02 1.4336e-15
3.5105e+02 1.4336e-15
3.5119e+02 1.4336e-15
3.5135e+02 1.3793e-15
3.5150e+02 1.3249e-15
3.5164e+02 1.3249e-15
3.5180e+02 1.3249e-15
3.5194e+02 1.3249e-15
3.5210e+02 1.3249e-15
3.5225e+02 1.3249e-15
3.5239e+02 1.3208e-15
3.5255e+02 1.3166e-15
3.5269e+02 1.3166e-15
3.5285e+02 1.3166e-15
3.5300e+02 1.3166e-15
3.5314e+02 1.3166e-15
3.5330e+02 1.3166e-15
3.5344e+02 1.2947e-15
3.5360e+02 1.2727e-15
3.5375e+02 1.2727e-15
3.5389e+02 1.2727e-15
3.5405e+02 1.2727e-15
3.5419e+02 1.2727e-15
3.5435e+02 1.1999e-15
3.5450e+02 1.1270e-15
3.5464e+02 1.1270e-15
3.5480e+02 1.1270e-15
3.5494e+02 1.1270e-15
3.5510e+02 1.1270e-15
3.5525e+02 1.1270e-15
3.5539e+02 1.1920e-15
3.5555e+02 1.2570e-15
3.5569e+02 1.2570e-15
3.5585e+02 1.2570e-15
3.5600e+02 1.2570e-15
3.5614e+02 1.2570e-15
3.5630e+02 1.2570e-15
3.5644e+02 1.2755e-15
3.5660e+02 1.2939e-15
3.5675e+02 1.2939e-15
3.5689e+02 1.2939e-15
3.5705e+02 1.2939e-15
3.5719e+02 1.2939e-15
3.5735e+02 1.2788e-15
3.5750e+02 1.2636e-15
3.5764e+02 1.2636e-15
3.5780e+02 1.2636e-15
3.5794e+02 1.2636e-15
3.5810e+02 1.2636e-15
3.5825e+02 1.2636e-15
3.5839e+02 1.2557e-15
3.5855e+02 1.2478e-15
3.5869e+02 1.2478e-15
3.5885e+02 1.2478e-15
3.5900e+02 1.2478e-15
3.5914e+02 1.2478e-15
3.5930e+02 1.2478e-15
3.5944e+02 1.2636e-15
3.5960e+02 1.2795e-15
3.5975e+02 1.2795e-15
3.5989e+02 1.2795e-15
3.6005e+02 1.2795e-15
3.6019e+02 1.2795e-15
3.6035e+02 1.2799e-15
3.6050e+02 1.2803e-15
3.6064e+02 1.2803e-15
3.6080e+02 1.2803e-15
3.6094e+02 1.2803e-15
3.6110e+02 1.2803e-15
3.6125e+02 1.2803e-15
3.6139e+02 1.2693e-15
3.6155e+02 1.2583e-15
3.6169e+02 1.2583e-15
3.6185e+02 1.2583e-15
3.6200e+02 1.2583e-15
3.6214e+02 1.2583e-15
3.6230e+02 1.2583e-15
3.6244e+02 1.2463e-15
3.6260e+02 1.2343e-15
3.6275e+02 1.2343e-15
3.6289e+02 1.2343e-15
3.6305e+02 1.2343e-15
3.6319e+02 1.2343e-15
3.6335e+02 1.2303e-15
3.6350e+02 1.2263e-15
3.6364e+02 1.2263e-15
3.6380e+02 1.2263e-15
3.6394e+02 1.2263e-15
3.6410e+02 1.2263e-15
3.6425e+02 1.2263e-15
3.6439e+02 1.2158e-15
3.6455e+02 1.2053e-15
3.6469e+02 1.2053e-15
3.6485e+02 1.2053e-15
3.6500e+02 1.2053e-15
3.6514e+02 1.2053e-15
3.6530e+02 1.2053e-15
3.6544e+02 1.2086e-15
3.6560e+02 1.2120e-15
3.6575e+02 1.2120e-15
3.6589e+02 1.2120e-15
3.6605e+02 1.2120e-15
3.6619e+02 1.2120e-15
3.6635e+02 1.1883e-15
3.6650e+02 1.1646e-15
3.6664e+02 1.1646e-15
3.6680e+02 1.1646e-15
3.6694e+02 1.1646e-15
3.6710e+02 1.1646e-15
3.6725e+02 1.1646e-15
3.6739e+02 1.1672e-15
3.6755e+02 1.1698e-15
3.6769e+02 1.1698e-15
3.6785e+02 1.1698e-15
3.6800e+02 1.1698e-15
3.6814e+02 1.1698e-15
3.6830e+02 1.1698e-15
3.6844e+02 1.1560e-15
3.6860e+02 1.1422e-15
3.6875e+02 1.1422e-15
3.6889e+02 1.1422e-15
3.6905e+02 1.1422e-15
3.6919e+02 1.1422e-15
3.6935e+02 1.1223e-15
3.6950e+02 1.1024e-15
3.6964e+02 1.1024e-15
3.6980e+02 1.1024e-15
3.6994e+02 1.1024e-15
3.7010e+02 1.1024e-15
3.7025e+02 1.1024e-15
3.7039e+02 1.1017e-15
3.7055e+02 1.1010e-15
3.7069e+02 1.1010e-15
3.7085e+02 1.1010e-15
3.7100e+02 1.1010e-15
3.7114e+02 1.1010e-15
3.7130e+02 1.1010e-15
3.7144e+02 1.0996e-15
3.7160e+02 1.0983e-15
3.7175e+02 1.0983e-15
3.7189e+02 1.0983e-15
3.7205e+02 1.0983e-15
3.7219e+02 1.0983e-15
3.7235e+02 1.1083e-15
3.7250e+02 1.1184e-15
3.7264e+02 1.1184e-15
3.7280e+02 1.1184e-15
3.7294e+02 1.1184e-15
3.7310e+02 1.1184e-15
3.7325e+02 1.1184e-15
3.7339e+02 1.1234e-15
3.7355e+02 1.1284e-15
3.7369e+02 1.1284e-15
3.7385e+02 1.1284e-15
3.7400e+02 1.1284e-15
3.7414e+02 1.1284e-15
3.7430e+02 1.1284e-15
3.7444e+02 1.1245e-15
3.7460e+02 1.1206e-15
3.7475e+02 1.1206e-15
3.7489e+02 1.1206e-15
3.7505e+02 1.1206e-15
3.7519e+02 1.1206e-15
3.7535e+02 1.1388e-15
3.7550e+02 1.1570e-15
3.7564e+02 1.1570e-15
3.7580e+02 1.1570e-15
3.7594e+02 1.1570e-15
3.7610e+02 1.1570e-15
3.7625e+02 1.1570e-15
3.7639e+02 1.1341e-15
3.7655e+02 1.1113e-15
3.7669e+02 1.1113e-15
3.7685e+02 1.1113e-15
3.7700e+02 1.1113e-15
3.7714e+02 1.1113e-15
3.7730e+02 1.1113e-15
3.7744e+02 1.0922e-15
3.7760e+02 1.0730e-15
3.7775e+02 1.0730e-15
3.7789e+02 1.0730e-15
3.7805e+02 1.0730e-15
3.7819e+02 1.0730e-15
3.7835e+02 1.0782e-15
3.7850e+02 1.0834e-15
3.7864e+02 1.0834e-15
3.7880e+02 1.0834e-15
3.7894e+02 1.0834e-15
3.7910e+02 1.0834e-15
3.7925e+02 1.0834e-15
3.7939e+02 1.1002e-15
3.7955e+02 1.1171e-15
3.7969e+02 1.1171e-15
3.7985e+02 1.1171e-15
3.8000e+02 1.1171e-15
3.8014e+02 1.1171e-15
3.8030e+02 1.1171e-15
3.8044e+02 1.1862e-15
3.8060e+02 1.2554e-15
3.8075e+02 1.2554e-15
3.8089e+02 1.2554e-15
3.8105e+02 1.2554e-15
3.8119e+02 1.2554e-15
3.8135e+02 1.2353e-15
3.8150e+02 1.2153e-15
3.8164e+02 1.2153e-15
3.8180e+02 1.2153e-15
3.8194e+02 1.2153e-15
3.8210e+02 1.2153e-15
3.8225e+02 1.2153e-15
3.8239e+02 1.1219e-15
3.8255e+02 1.0285e-15
3.8269e+02 1.0285e-15
3.8285e+02 1.0285e-15
3.8300e+02 1.0285e-15
3.8314e+02 1.0285e-15
3.8330e+02 1.0285e-15
3.8344e+02 1.0008e-15
3.8360e+02 9.7304e-16
3.8375e+02 9.7304e-16
3.8389e+02 9.7304e-16
3.8405e+02 9.7304e-16
3.8419e+02 9.7304e-16
3.8435e+02 9.7997e-16
3.8450e+02 9.8689e-16
3.8464e+02 9.8689e-16
3.8480e+02 9.8689e-16
3.8494e+02 9.8689e-16
3.8510e+02 9.8689e-16
3.8525e+02 9.8689e-16
3.8539e+02 9.6710e-16
3.8555e+02 9.4730e-16
3.8569e+02 9.4730e-16
3.8585e+02 9.4730e-16
3.8600e+02 9.4730e-16
3.8614e+02 9.4730e-16
3.8630e+02 9.4730e-16
3.8644e+02 9.9632e-16
3.8660e+02 1.0453e-15
3.8675e+02 1.0453e-15
3.8689e+02 1.0453e-15
3.8705e+02 1.0453e-15
3.8719e+02 1.0453e-15
3.8735e+02 1.0638e-15
3.8750e+02 1.0822e-15
3.8764e+02 1.0822e-15
3.8780e+02 1.0822e-15
3.8794e+02 1.0822e-15
3.8810e+02 1.0822e-15
3.8825e+02 1.0822e-15
3.8839e+02 1.0846e-15
3.8855e+02 1.0870e-15
3.8869e+02 1.0870e-15
3.8885e+02 1.0870e-15
3.8900e+02 1.0870e-15
3.8914e+02 1.0870e-15
3.8930e+02 1.0870e-15
3.8944e+02 1.0672e-15
3.8960e+02 1.0475e-15
3.8975e+02 1.0475e-15
3.8989e+02 1.0475e-15
3.9005e+02 1.0475e-15
3.9019e+02 1.0475e-15
3.9035e+02 1.0223e-15
3.9050e+02 9.9714e-16
3.9064e+02 9.9714e-16
3.9080e+02 9.9714e-16
3.9094e+02 9.9714e-16
3.9110e+02 9.9714e-16
3.9125e+02 9.9714e-16
3.9139e+02 9.8486e-16
3.9155e+02 9.7259e-16
3.9169e+02 9.7259e-16
3.9185e+02 9.7259e-16
3.9200e+02 9.7259e-16
3.9214e+02 9.7259e-16
3.9230e+02 9.7259e-16
3.9244e+02 9.1724e-16
3.9260e+02 8.6189e-16
3.9275e+02 8.6189e-16
3.9289e+02 8.6189e-16
3.9305e+02 8.6189e-16
3.9319e+02 8.6189e-16
3.9335e+02 7.8749e-16
3.9350e+02 7.1308e-16
3.9364e+02 7.1308e-16
3.9380e+02 7.1308e-16
3.9394e+02 7.1308e-16
3.9410e+02 7.1308e-16
3.9425e+02 7.1308e-16
3.9439e+02 7.2398e-16
3.9455e+02 7.3488e-16
3.9469e+02 7.3488e-16
3.9485e+02 7.3488e-16
3.9500e+02 7.3488e-16
3.9514e+02 7.3488e-16
3.9530e+02 7.3488e-16
3.9544e+02 8.7048e-16
3.9560e+02 1.0061e-15
3.9575e+02 1.0061e-15
3.9589e+02 1.0061e-15
3.9605e+02 1.0061e-15
3.9619e+02 1.0061e-15
3.9635e+02 1.0168e-15
3.9650e+02 1.0276e-15
3.9664e+02 1.0276e-15
3.9680e+02 1.0276e-15
3.9694e+02 1.0276e-15
3.9710e+02 1.0276e-15
3.9725e+02 1.0276e-15
3.9739e+02 1.0560e-15
3.9755e+02 1.0844e-15
3.9769e+02 1.0844e-15
3.9785e+02 1.0844e-15
3.9800e+02 1.0844e-15
3.9814e+02 1.0844e-15
3.9830e+02 1.0844e-15
3.9844e+02 1.1107e-15
3.9860e+02 1.1369e-15
3.9875e+02 1.1369e-15
3.9889e+02 1.1369e-15
3.9905e+02 1.1369e-15
3.9919e+02 1.1369e-15
3.9935e+02 1.0717e-15
3.9950e+02 1.0065e-15
3.9964e+02 1.0065e-15
3.9980e+02 1.0065e-15
3.9994e+02 1.0065e-15
4.0010e+02 1.0065e-15
4.0025e+02 1.0065e-15
4.0039e+02 1.0614e-15
4.0055e+02 1.1163e-15
4.0069e+02 1.1163e-15
4.0085e+02 1.1163e-15
4.0100e+02 1.1163e-15
4.0114e+02 1.1163e-15
4.0130e+02 1.1163e-15
4.0144e+02 1.0491e-15
4.0160e+02 9.8190e-16
4.0175e+02 9.8190e-16
4.0189e+02 9.8190e-16
4.0205e+02 9.8190e-16
4.0219e+02 9.8190e-16
4.0235e+02 9.9362e-16
4.0250e+02 1.0053e-15
4.0264e+02 1.0053e-15
4.0280e+02 1.0053e-15
4.0294e+02 1.0053e-15
4.0310e+02 1.0053e-15
4.0325e+02 1.0053e-15
4.0339e+02 9.7750e-16
4.0355e+02 9.4964e-16
4.0369e+02 9.4964e-16
4.0385e+02 9.4964e-16
4.0400e+02 9.4964e-16
4.0414e+02 9.4964e-16
4.0430e+02 9.4964e-16
4.0444e+02 1.0206e-15
4.0460e+02 1.0915e-15
4.0475e+02 1.0915e-15
4.0489e+02 1.0915e-15
4.0505e+02 1.0915e-15
4.0519e+02 1.0915e-15
4.0535e+02 1.0069e-15
4.0550e+02 9.2234e-16
4.0564e+02 9.2234e-16
4.0580e+02 9.2234e-16
4.0594e+02 9.2234e-16
4.0610e+02 9.2234e-16
4.0625e+02 9.2234e-16
4.0639e+02 1.0274e-15
4.0655e+02 1.1324e-15
4.0669e+02 1.1324e-15
4.0685e+02 1.1324e-15
4.0700e+02 1.1324e-15
4.0714e+02 1.1324e-15
4.0730e+02 1.1324e-15
4.0744e+02 1.0935e-15
4.0760e+02 1.0547e-15
4.0775e+02 1.0547e-15
4.0789e+02 1.0547e-15
4.0805e+02 1.0547e-15
4.0819e+02 1.0547e-15
4.0835e+02 1.0097e-15
4.0850e+02 9.6478e-16
4.0864e+02 9.6478e-16
4.0880e+02 9.6478e-16
4.0894e+02 9.6478e-16
4.0910e+02 9.6478e-16
4.0925e+02 9.6478e-16
4.0939e+02 9.8511e-16
4.0955e+02 1.0054e-15
4.0969e+02 1.0054e-15
4.0985e+02 1.0054e-15
4.1000e+02 1.0054e-15
4.1014e+02 1.0054e-15
4.1030e+02 1.0054e-15
4.1044e+02 9.9650e-16
4.1060e+02 9.8757e-16
4.1075e+02 9.8757e-16
4.1089e+02 9.8757e-16
4.1105e+02 9.8757e-16
4.1119e+02 9.8757e-16
4.1135e+02 1.0296e-15
4.1150e+02 1.0717e-15
4.1164e+02 1.0717e-15
4.1180e+02 1.0717e-15
4.1194e+02 1.0717e-15
4.1210e+02 1.0717e-15
4.1225e+02 1.0717e-15
4.1239e+02 1.0075e-15
4.1255e+02 9.4334e-16
4.1269e+02 9.4334e-16
4.1285e+02 9.4334e-16
4.1300e+02 9.4334e-16
4.1314e+02 9.4334e-16
4.1330e+02 9.4334e-16
4.1344e+02 9.3631e-16
4.1360e+02 9.2928e-16
4.1375e+02 9.2928e-16
4.1389e+02 9.2928e-16
4.1405e+02 9.2928e-16
4.1419e+02 9.2928e-16
4.1435e+02 9.4500e-16
4.1450e+02 9.6073e-16
4.1464e+02 9.6073e-16
4.1480e+02 9.6073e-16
4.1494e+02 9.6073e-16
4.1510e+02 9.6073e-16
4.1525e+02 9.6073e-16
4.1539e+02 1.0231e-15
4.1555e+02 1.0854e-15
4.1569e+02 1.0854e-15
4.1585e+02 1.0854e-15
4.1600e+02 1.0854e-15
4.1614e+02 1.0854e-15
4.1630e+02 1.0854e-15
4.1644e+02 1.0339e-15
4.1660e+02 9.8236e-16
4.1675e+02 9.8236e-16
4.1689e+02 9.8236e-16
4.1705e+02 9.8236e-16
4.1719e+02 9.8236e-16
4.1735e+02 9.6614e-16
4.1750e+02 9.4993e-16
4.1764e+02 9.4993e-16
4.1780e+02 9.4993e-16
4.1794e+02 9.4993e-16
4.1810e+02 9.4993e-16
4.1825e+02 9.4993e-16
4.1839e+02 9.0708e-16
4.1855e+02 8.6424e-16
4.1869e+02 8.6424e-16
4.1885e+02 8.6424e-16
4.1900e+02 8.6424e-16
4.1914e+02 8.6424e-16
4.1930e+02 8.6424e-16
4.1944e+02 9.2369e-16
4.1960e+02 9.8313e-16
4.1975e+02 9.8313e-16
4.1989e+02 9.8313e-16
4.2005e+02 9.8313e-16
4.2019e+02 9.8313e-16
4.2035e+02 1.0270e-15
4.2050e+02 1.0709e-15
4.2064e+02 1.0709e-15
4.2080e+02 1.0709e-15
4.2094e+02 1.0709e-15
4.2110e+02 1.0709e-15
4.2125e+02 1.0709e-15
4.2139e+02 1.0380e-15
4.2155e+02 1.0052e-15
4.2169e+02 1.0052e-15
4.2185e+02 1.0052e-15
4.2200e+02 1.0052e-15
4.2214e+02 1.0052e-15
4.2230e+02 1.0052e-15
4.2244e+02 9.5694e-16
4.2260e+02 9.0865e-16
4.2275e+02 9.0865e-16
4.2289e+02 9.0865e-16
4.2305e+02 9.0865e-16
4.2319e+02 9.0865e-16
4.2335e+02 9.0598e-16
4.2350e+02 9.0331e-16
4.2364e+02 9.0331e-16
4.2380e+02 9.0331e-16
4.2394e+02 9.0331e-16
4.2410e+02 9.0331e-16
4.2425e+02 9.0331e-16
4.2439e+02 8.7031e-16
4.2455e+02 8.3731e-16
4.2469e+02 8.3731e-16
4.2485e+02 8.3731e-16
4.2500e+02 8.3731e-16
4.2514e+02 8.3731e-16
4.2530e+02 8.3731e-16
4.2544e+02 8.8609e-16
4.2560e+02 9.3487e-16
4.2575e+02 9.3487e-16
4.2589e+02 9.3487e-16
4.2605e+02 9.3487e-16
4.2619e+02 9.3487e-16
4.2635e+02 9.2199e-16
4.2650e+02 9.0912e-16
4.2664e+02 9.0912e-16
4.2680e+02 9.0912e-16
4.2694e+02 9.0912e-16
4.2710e+02 9.0912e-16
4.2725e+02 9.0912e-16
4.2739e+02 8.9383e-16
4.2755e+02 8.7853e-16
4.2769e+02 8.7853e-16
4.2785e+02 8.7853e-16
4.2800e+02 8.7853e-16
4.2814e+02 8.7853e-16
4.2830e+02 8.7853e-16
4.2844e+02 8.9616e-16
4.2860e+02 9.1378e-16
4.2875e+02 9.1378e-16
4.2889e+02 9.1378e-16
4.2905e+02 9.1378e-16
4.2919e+02 9.1378e-16
4.2935e+02 9.1520e-16
4.2950e+02 9.1662e-16
4.2964e+02 9.1662e-16
4.2980e+02 9.1662e-16
4.2994e+02 9.1662e-16
4.3010e+02 9.1662e-16
4.3025e+02 9.1662e-16
4.3039e+02 9.0511e-16
4.3055e+02 8.9359e-16
4.3069e+02 8.9359e-16
4.3085e+02 8.9359e-16
4.3100e+02 8.9359e-16
4.3114e+02 8.9359e-16
4.3130e+02 8.9359e-16
4.3144e+02 8.5395e-16
4.3160e+02 8.1431e-16
4.3175e+02 8.1431e-16
4.3189e+02 8.1431e-16
4.3205e+02 8.1431e-16
4.3219e+02 8.1431e-16
4.3235e+02 9.0954e-16
4.3250e+02 1.0048e-15
4.3264e+02 1.0048e-15
4.3280e+02 1.0048e-15
4.3294e+02 1.0048e-15
4.3310e+02 1.0048e-15
4.3325e+02 1.0048e-15
4.3339e+02 9.1653e-16
4.3355e+02 8.2828e-16
4.3369e+02 8.2828e-16
4.3385e+02 8.2828e-16
4.3400e+02 8.2828e-16
4.3414e+02 8.2828e-16
4.3430e+02 8.2828e-16
4.3444e+02 8.3271e-16
4.3460e+02 8.3713e-16
4.3475e+02 8.3713e-16
4.3489e+02 8.3713e-16
4.3505e+02 8.3713e-16
4.3519e+02 8.3713e-16
4.3535e+02 9.0210e-16
4.3550e+02 9.6708e-16
4.3564e+02 9.6708e-16
4.3580e+02 9.6708e-16
4.3594e+02 9.6708e-16
4.3610e+02 9.6708e-16
4.3625e+02 9.6708e-16
4.3639e+02 9.3973e-16
4.3655e+02 9.1237e-16
4.3669e+02 9.1237e-16
4.3685e+02 9.1237e-16
4.3700e+02 9.1237e-16
4.3714e+02 9.1237e-16
4.3730e+02 9.1237e-16
4.3744e+02 8.5174e-16
4.3760e+02 7.9110e-16
4.3775e+02 7.9110e-16
4.3789e+02 7.9110e-16
4.3805e+02 7.9110e-16
4.3819e+02 7.9110e-16
4.3835e+02 8.2284e-16
4.3850e+02 8.5457e-16
4.3864e+02 8.5457e-16
4.3880e+02 8.5457e-16
4.3894e+02 8.5457e-16
4.3910e+02 8.5457e-16
4.3925e+02 8.5457e-16
4.3939e+02 9.1679e-16
4.3955e+02 9.7901e-16
4.3969e+02 9.7901e-16
4.3985e+02 9.7901e-16
4.4000e+02 9.7901e-16
4.4014e+02 9.7901e-16
4.4030e+02 9.7901e-16
4.4044e+02 9.3329e-16
4.4060e+02 8.8758e-16
4.4075e+02 8.8758e-16
4.4089e+02 8.8758e-16
4.4105e+02 8.8758e-16
4.4119e+02 8.8758e-16
4.4135e+02 8.9688e-16
4.4150e+02 9.0617e-16
4.4164e+02 9.0617e-16
4.4180e+02 9.0617e-16
4.4194e+02 9.0617e-16
4.4210e+02 9.0617e-16
4.4225e+02 9.0617e-16
4.4239e+02 8.8979e-16
4.4255e+02 8.7340e-16
4.4269e+02 8.7340e-16
4.4285e+02 8.7340e-16
4.4300e+02 8.7340e-16
4.4314e+02 8.7340e-16
4.4330e+02 8.7340e-16
4.4344e+02 8.5028e-16
4.4360e+02 8.2715e-16
4.4375e+02 8.2715e-16
4.4389e+02 8.2715e-16
4.4405e+02 8.2715e-16
4.4419e+02 8.2715e-16
4.4435e+02 8.3330e-16
4.4450e+02 8.3946e-16
4.4464e+02 8.3946e-16
4.4480e+02 8.3946e-16
4.4494e+02 8.3946e-16
4.4510e+02 8.3946e-16
4.4525e+02 8.3946e-16
4.4539e+02 8.8674e-16
4.4555e+02 9.3402e-16
4.4569e+02 9.3402e-16
4.4585e+02 9.3402e-16
4.4600e+02 9.3402e-16
4.4614e+02 9.3402e-16
4.4630e+02 9.3402e-16
4.4644e+02 8.9325e-16
4.4660e+02 8.5247e-16
4.4675e+02 8.5247e-16
4.4689e+02 8.5247e-16
4.4705e+02 8.5247e-16
4.4719e+02 8.5247e-16
4.4735e+02 8.4073e-16
4.4750e+02 8.2899e-16
4.4764e+02 8.2899e-16
4.4780e+02 8.2899e-16
4.4794e+02 8.2899e-16
4.4810e+02 8.2899e-16
4.4825e+02 8.2899e-16
4.4839e+02 8.6174e-16
4.4855e+02 8.9450e-16
4.4869e+02 8.9450e-16
4.4885e+02 8.9450e-16
4.4900e+02 8.9450e-16
4.4914e+02 8.9450e-16
4.4930e+02 8.9450e-16
4.4944e+02 8.6914e-16
4.4960e+02 8.4377e-16
4.4975e+02 8.4377e-16
4.4989e+02 8.4377e-16
4.5005e+02 8.4377e-16
4.5019e+02 8.4377e-16
4.5035e+02 8.3486e-16
4.5050e+02 8.2595e-16
4.5064e+02 8.2595e-16
4.5080e+02 8.2595e-16
4.5094e+02 8.2595e-16
4.5110e+02 8.2595e-16
4.5125e+02 8.2595e-16
4.5139e+02 8.4077e-16
4.5155e+02 8.5560e-16
4.5169e+02 8.5560e-16
4.5185e+02 8.5560e-16
4.5200e+02 8.5560e-16
4.5214e+02 8.5560e-16
4.5230e+02 8.5560e-16
4.5244e+02 8.3266e-16
4.5260e+02 8.0972e-16
4.5275e+02 8.0972e-16
4.5289e+02 8.0972e-16
4.5305e+02 8.0972e-16
4.5319e+02 8.0972e-16
4.5335e+02 8.1023e-16
4.5350e+02 8.1073e-16
4.5364e+02 8.1073e-16
4.5380e+02 8.1073e-16
4.5394e+02 8.1073e-16
4.5410e+02 8.1073e-16
4.5425e+02 8.1073e-16
4.5439e+02 8.4772e-16
4.5455e+02 8.8471e-16
4.5469e+02 8.8471e-16
4.5485e+02 8.8471e-16
4.5500e+02 8.8471e-16
4.5514e+02 8.8471e-16
4.5530e+02 8.8471e-16
4.5544e+02 8.3483e-16
4.5560e+02 7.8494e-16
4.5575e+02 7.8494e-16
4.5589e+02 7.8494e-16
4.5605e+02 7.8494e-16
4.5619e+02 7.8494e-16
4.5635e+02 8.0856e-16
4.5650e+02 8.3217e-16
4.5664e+02 8.3217e-16
4.5680e+02 8.3217e-16
4.5694e+02 8.3217e-16
4.5710e+02 8.3217e-16
4.5725e+02 8.3217e-16
4.5739e+02 8.5572e-16
4.5755e+02 8.7927e-16
4.5769e+02 8.7927e-16
4.5785e+02 8.7927e-16
4.5800e+02 8.7927e-16
4.5814e+02 8.7927e-16
4.5830e+02 8.7927e-16
4.5844e+02 8.1570e-16
4.5860e+02 7.5213e-16
4.5875e+02 7.5213e-16
4.5889e+02 7.5213e-16
4.5905e+02 7.5213e-16
4.5919e+02 7.5213e-16
4.5935e+02 7.9790e-16
4.5950e+02 8.4367e-16
4.5964e+02 8.4367e-16
4.5980e+02 8.4367e-16
4.5994e+02 8.4367e-16
4.6010e+02 8.4367e-16
4.6025e+02 8.4367e-16
4.6039e+02 8.6271e-16
4.6055e+02 8.8175e-16
4.6069e+02 8.8175e-16
4.6085e+02 8.8175e-16
4.6100e+02 8.8175e-16
4.6114e+02 8.8175e-16
4.6130e+02 8.8175e-16
4.6144e+02 8.7721e-16
4.6160e+02 8.7268e-16
4.6175e+02 8.7268e-16
4.6189e+02 8.7268e-16
4.6205e+02 8.7268e-16
4.6219e+02 8.7268e-16
4.6235e+02 8.5367e-16
4.6250e+02 8.3466e-16
4.6264e+02 8.3466e-16
4.6280e+02 8.3466e-16
4.6294e+02 8.3466e-16
4.6310e+02 8.3466e-16
4.6325e+02 8.3466e-16
4.6339e+02 8.1898e-16
4.6355e+02 8.0330e-16
4.6369e+02 8.0330e-16
4.6385e+02 8.0330e-16
4.6400e+02 8.0330e-16
4.6414e+02 8.0330e-16
4.6430e+02 8.0330e-16
4.6444e+02 8.3603e-16
4.6460e+02 8.6876e-16
4.6475e+02 8.6876e-16
4.6489e+02 8.6876e-16
4.6505e+02 8.6876e-16
4.6519e+02 8.6876e-16
4.6535e+02 8.8282e-16
4.6550e+02 8.9687e-16
4.6564e+02 8.9687e-16
4.6580e+02 8.9687e-16
4.6594e+02 8.9687e-16
4.6610e+02 8.9687e-16
4.6625e+02 8.9687e-16
4.6639e+02 8.7045e-16
4.6655e+02 8.4403e-16
4.6669e+02 8.4403e-16
4.6685e+02 8.4403e-16
4.6700e+02 8.4403e-16
4.6714e+02 8.4403e-16
4.6730e+02 8.4403e-16
4.6744e+02 7.6380e-16
4.6760e+02 6.8356e-16
4.6775e+02 6.8356e-16
4.6789e+02 6.8356e-16
4.6805e+02 6.8356e-16
4.6819e+02 6.8356e-16
4.6835e+02 7.2180e-16
4.6850e+02 7.6003e-16
4.6864e+02 7.6003e-16
4.6880e+02 7.6003e-16
4.6894e+02 7.6003e-16
4.6910e+02 7.6003e-16
4.6925e+02 7.6003e-16
4.6939e+02 7.6355e-16
4.6955e+02 7.6706e-16
4.6969e+02 7.6706e-16
4.6985e+02 7.6706e-16
4.7000e+02 7.6706e-16
4.7014e+02 7.6706e-16
4.7030e+02 7.6706e-16
4.7044e+02 7.1572e-16
4.7060e+02 6.6438e-16
4.7075e+02 6.6438e-16
4.7089e+02 6.6438e-16
4.7105e+02 6.6438e-16
4.7119e+02 6.6438e-16
4.7135e+02 7.1365e-16
4.7150e+02 7.6293e-16
4.7164e+02 7.6293e-16
4.7180e+02 7.6293e-16
4.7194e+02 7.6293e-16
4.7210e+02 7.6293e-16
4.7225e+02 7.6293e-16
4.7239e+02 7.3115e-16
4.7255e+02 6.9938e-16
4.7269e+02 6.9938e-16
4.7285e+02 6.9938e-16
4.7300e+02 6.9938e-16
4.7314e+02 6.9938e-16
4.7330e+02 6.9938e-16
4.7344e+02 7.2478e-16
4.7360e+02 7.5018e-16
4.7375e+02 7.5018e-16
4.7389e+02 7.5018e-16
4.7405e+02 7.5018e-16
4.7419e+02 7.5018e-16
4.7435e+02 7.3628e-16
4.7450e+02 7.2238e-16
4.7464e+02 7.2238e-16
4.7480e+02 7.2238e-16
4.7494e+02 7.2238e-16
4.7510e+02 7.2238e-16
4.7525e+02 7.2238e-16
4.7539e+02 7.2637e-16
4.7555e+02 7.3036e-16
4.7569e+02 7.3036e-16
4.7585e+02 7.3036e-16
4.7600e+02 7.3036e-16
4.7614e+02 7.3036e-16
4.7630e+02 7.3036e-16
4.7644e+02 7.2486e-16
4.7660e+02 7.1937e-16
4.7675e+02 7.1937e-16
4.7689e+02 7.1937e-16
4.7705e+02 7.1937e-16
4.7719e+02 7.1937e-16
4.7735e+02 7.2494e-16
4.7750e+02 7.3052e-16
4.7764e+02 7.3052e-16
4.7780e+02 7.3052e-16
4.7794e+02 7.3052e-16
4.7810e+02 7.3052e-16
4.7825e+02 7.3052e-16
4.7839e+02 7.4267e-16
4.7855e+02 7.5483e-16
4.7869e+02 7.5483e-16
4.7885e+02 7.5483e-16
4.7900e+02 7.5483e-16
4.7914e+02 7.5483e-16
4.7930e+02 7.5483e-16
4.7944e+02 7.3411e-16
4.7960e+02 7.1338e-16
4.7975e+02 7.1338e-16
4.7989e+02 7.1338e-16
4.8005e+02 7.1338e-16
4.8019e+02 7.1338e-16
4.8035e+02 7.4772e-16
4.8050e+02 7.8206e-16
4.8064e+02 7.8206e-16
4.8080e+02 7.8206e-16
4.8094e+02 7.8206e-16
4.8110e+02 7.8206e-16
4.8125e+02 7.8206e-16
4.8139e+02 7.5730e-16
4.8155e+02 7.3253e-16
4.8169e+02 7.3253e-16
4.8185e+02 7.3253e-16
4.8200e+02 7.3253e-16
4.8214e+02 7.3253e-16
4.8230e+02 7.3253e-16
4.8244e+02 7.4789e-16
4.8260e+02 7.6325e-16
4.8275e+02 7.6325e-16
4.8289e+02 7.6325e-16
4.8305e+02 7.6325e-16
4.8319e+02 7.6325e-16
4.8335e+02 7.6997e-16
4.8350e+02 7.7669e-16
4.8364e+02 7.7669e-16
4.8380e+02 7.7669e-16
4.8394e+02 7.7669e-16
4.8410e+02 7.7669e-16
4.8425e+02 7.7669e-16
4.8439e+02 7.5304e-16
4.8455e+02 7.2940e-16
4.8469e+02 7.2940e-16
4.8485e+02 7.2940e-16
4.8500e+02 7.2940e-16
4.8514e+02 7.2940e-16
4.8530e+02 7.2940e-16
4.8544e+02 7.4362e-16
4.8560e+02 7.5784e-16
4.8575e+02 7.5784e-16
4.8589e+02 7.5784e-16
4.8605e+02 7.5784e-16
4.8619e+02 7.5784e-16
4.8635e+02 7.6393e-16
4.8650e+02 7.7003e-16
4.8664e+02 7.7003e-16
4.8680e+02 7.7003e-16
4.8694e+02 7.7003e-16
4.8710e+02 7.7003e-16
4.8725e+02 7.7003e-16
4.8739e+02 7.6235e-16
4.8755e+02 7.5467e-16
4.8769e+02 7.5467e-16
4.8785e+02 7.5467e-16
4.8800e+02 7.5467e-16
4.8814e+02 7.5467e-16
4.8830e+02 7.5467e-16
4.8844e+02 7.5687e-16
4.8860e+02 7.5907e-16
4.8875e+02 7.5907e-16
4.8889e+02 7.5907e-16
4.8905e+02 7.5907e-16
4.8919e+02 7.5907e-16
4.8935e+02 7.4366e-16
4.8950e+02 7.2824e-16
4.8964e+02 7.2824e-16
4.8980e+02 7.2824e-16
4.8994e+02 7.2824e-16
4.9010e+02 7.2824e-16
4.9025e+02 7.2824e-16
4.9039e+02 7.3146e-16
4.9055e+02 7.3469e-16
4.9069e+02 7.3469e-16
4.9085e+02 7.3469e-16
4.9100e+02 7.3469e-16
4.9114e+02 7.3469e-16
4.9130e+02 7.3469e-16
4.9144e+02 7.0477e-16
4.9160e+02 6.7485e-16
4.9175e+02 6.7485e-16
4.9189e+02 6.7485e-16
4.9205e+02 6.7485e-16
4.9219e+02 6.7485e-16
4.9235e+02 7.0207e-16
4.9250e+02 7.2929e-16
4.9264e+02 7.2929e-16
4.9280e+02 7.2929e-16
4.9294e+02 7.2929e-16
4.9310e+02 7.2929e-16
4.9325e+02 7.2929e-16
4.9339e+02 7.3456e-16
4.9355e+02 7.3983e-16
4.9369e+02 7.3983e-16
4.9385e+02 7.3983e-16
4.9400e+02 7.3983e-16
4.9414e+02 7.3983e-16
4.9430e+02 7.3983e-16
4.9444e+02 7.5579e-16
4.9460e+02 7.7176e-16
4.9475e+02 7.7176e-16
4.9489e+02 7.7176e-16
4.9505e+02 7.7176e-16
4.9519e+02 7.7176e-16
4.9535e+02 7.3569e-16
4.9550e+02 6.9962e-16
4.9564e+02 6.9962e-16
4.9580e+02 6.9962e-16
4.9594e+02 6.9962e-16
4.9610e+02 6.9962e-16
4.9625e+02 6.9962e-16
4.9639e+02 6.9805e-16
4.9655e+02 6.9649e-16
4.9669e+02 6.9649e-16
4.9685e+02 6.9649e-16
4.9700e+02 6.9649e-16
4.9714e+02 6.9649e-16
4.9730e+02 6.9649e-16
4.9744e+02 6.8765e-16
4.9760e+02 6.7881e-16
4.9775e+02 6.7881e-16
4.9789e+02 6.7881e-16
4.9805e+02 6.7881e-16
4.9819e+02 6.7881e-16
4.9835e+02 6.9083e-16
4.9850e+02 7.0285e-16
4.9864e+02 7.0285e-16
4.9880e+02 7.0285e-16
4.9894e+02 7.0285e-16
4.9910e+02 7.0285e-16
4.9925e+02 7.0285e-16
4.9939e+02 6.7921e-16
4.9955e+02 6.5558e-16
4.9969e+02 6.5558e-16
4.9985e+02 6.5558e-16
5.0000e+02 6.5558e-16
5.0014e+02 6.5558e-16
5.0030e+02 6.5558e-16
5.0044e+02 6.6320e-16
5.0060e+02 6.7082e-16
5.0075e+02 6.7082e-16
5.0089e+02 6.7082e-16
5.0105e+02 6.7082e-16
5.0119e+02 6.7082e-16
5.0135e+02 6.6680e-16
5.0150e+02 6.6279e-16
5.0164e+02 6.6279e-16
5.0180e+02 6.6279e-16
5.0194e+02 6.6279e-16
5.0210e+02 6.6279e-16
5.0225e+02 6.6279e-16
5.0239e+02 6.4974e-16
5.0255e+02 6.3669e-16
5.0269e+02 6.3669e-16
5.0285e+02 6.3669e-16
5.0300e+02 6.3669e-16
5.0314e+02 6.3669e-16
5.0330e+02 6.3669e-16
5.0344e+02 6.5003e-16
5.0360e+02 6.6338e-16
5.0375e+02 6.6338e-16
5.0389e+02 6.6338e-16
5.0405e+02 6.6338e-16
5.0419e+02 6.6338e-16
5.0435e+02 6.5751e-16
5.0450e+02 6.5164e-16
5.0464e+02 6.5164e-16
5.0480e+02 6.5164e-16
5.0494e+02 6.5164e-16
5.0510e+02 6.5164e-16
5.0525e+02 6.5164e-16
5.0539e+02 6.6086e-16
5.0555e+02 6.7009e-16
5.0569e+02 6.7009e-16
5.0585e+02 6.7009e-16
5.0600e+02 6.7009e-16
5.0614e+02 6.7009e-16
5.0630e+02 6.7009e-16
5.0644e+02 6.7866e-16
5.0660e+02 6.8724e-16
5.0675e+02 6.8724e-16
5.0689e+02 6.8724e-16
5.0705e+02 6.8724e-16
5.0719e+02 6.8724e-16
5.0735e+02 6.8288e-16
5.0750e+02 6.7852e-16
5.0764e+02 6.7852e-16
5.0780e+02 6.7852e-16
5.0794e+02 6.7852e-16
5.0810e+02 6.7852e-16
5.0825e+02 6.7852e-16
5.0839e+02 6.5613e-16
5.0855e+02 6.3374e-16
5.0869e+02 6.3374e-16
5.0885e+02 6.3374e-16
5.0900e+02 6.3374e-16
5.0914e+02 6.3374e-16
5.0930e+02 6.3374e-16
5.0944e+02 6.3881e-16
5.0960e+02 6.4388e-16
5.0975e+02 6.4388e-16
5.0989e+02 6.4388e-16
5.1005e+02 6.4388e-16
5.1019e+02 6.4388e-16
5.1035e+02 6.3556e-16
5.1050e+02 6.2724e-16
5.1064e+02 6.2724e-16
5.1080e+02 6.2724e-16
5.1094e+02 6.2724e-16
5.1110e+02 6.2724e-16
5.1125e+02 6.2724e-16
5.1139e+02 6.2008e-16
5.1155e+02 6.1291e-16
5.1169e+02 6.1291e-16
5.1185e+02 6.1291e-16
5.1200e+02 6.1291e-16
5.1214e+02 6.1291e-16
5.1229e+02 6.1291e-16
5.1245e+02 6.1145e-16
5.1260e+02 6.0999e-16
5.1275e+02 6.0999e-16
5.1289e+02 6.0999e-16
5.1304e+02 6.0999e-16
5.1320e+02 6.0999e-16
5.1335e+02 6.1560e-16
5.1350e+02 6.2121e-16
5.1364e+02 6.2121e-16
5.1379e+02 6.2121e-16
5.1395e+02 6.2121e-16
5.1410e+02 6.2121e-16
5.1425e+02 6.2121e-16
5.1439e+02 5.9921e-16
5.1454e+02 5.7720e-16
5.1470e+02 5.7720e-16
5.1485e+02 5.7720e-16
5.1500e+02 5.7720e-16
5.1514e+02 5.7720e-16
5.1529e+02 5.7720e-16
5.1545e+02 5.9001e-16
5.1560e+02 6.0282e-16
5.1575e+02 6.0282e-16
5.1589e+02 6.0282e-16
5.1604e+02 6.0282e-16
5.1620e+02 6.0282e-16
5.1635e+02 6.0060e-16
5.1650e+02 5.9838e-16
5.1664e+02 5.9838e-16
5.1679e+02 5.9838e-16
5.1695e+02 5.9838e-16
5.1710e+02 5.9838e-16
5.1725e+02 5.9838e-16
5.1739e+02 6.1141e-16
5.1754e+02 6.2445e-16
5.1770e+02 6.2445e-16
5.1785e+02 6.2445e-16
5.1800e+02 6.2445e-16
5.1814e+02 6.2445e-16
5.1829e+02 6.2445e-16
5.1845e+02 6.0082e-16
5.1860e+02 5.7720e-16
5.1875e+02 5.7720e-16
5.1889e+02 5.7720e-16
5.1904e+02 5.7720e-16
5.1920e+02 5.7720e-16
5.1935e+02 5.9139e-16
5.1950e+02 6.0557e-16
5.1964e+02 6.0557e-16
5.1979e+02 6.0557e-16
5.1995e+02 6.0557e-16
5.2010e+02 6.0557e-16
5.2025e+02 6.0557e-16
5.2039e+02 5.9959e-16
5.2054e+02 5.9361e-16
5.2070e+02 5.9361e-16
5.2085e+02 5.9361e-16
5.2100e+02 5.9361e-16
5.2114e+02 5.9361e-16
5.2129e+02 5.9361e-16
5.2145e+02 6.1542e-16
5.2160e+02 6.3723e-16
5.2175e+02 6.3723e-16
5.2189e+02 6.3723e-16
5.2204e+02 6.3723e-16
5.2220e+02 6.3723e-16
5.2235e+02 6.3526e-16
5.2250e+02 6.3329e-16
5.2264e+02 6.3329e-16
5.2279e+02 6.3329e-16
5.2295e+02 6.3329e-16
5.2310e+02 6.3329e-16
5.2325e+02 6.3329e-16
5.2339e+02 6.3984e-16
5.2354e+02 6.4640e-16
5.2370e+02 6.4640e-16
5.2385e+02 6.4640e-16
5.2400e+02 6.4640e-16
5.2414e+02 6.4640e-16
5.2429e+02 6.4640e-16
5.2445e+02 6.3907e-16
5.2460e+02 6.3174e-16
5.2475e+02 6.3174e-16
5.2489e+02 6.3174e-16
5.2504e+02 6.3174e-16
5.2520e+02 6.3174e-16
5.2535e+02 6.2881e-16
5.2550e+02 6.2587e-16
5.2564e+02 6.2587e-16
5.2579e+02 6.2587e-16
5.2595e+02 6.2587e-16
5.2610e+02 6.2587e-16
5.2625e+02 6.2587e-16
5.2639e+02 6.3079e-16
5.2654e+02 6.3572e-16
5.2670e+02 6.3572e-16
5.2685e+02 6.3572e-16
5.2700e+02 6.3572e-16
5.2714e+02 6.3572e-16
5.2729e+02 6.3572e-16
5.2745e+02 6.1743e-16
5.2760e+02 5.9915e-16
5.2775e+02 5.9915e-16
5.2789e+02 5.9915e-16
5.2804e+02 5.9915e-16
5.2820e+02 5.9915e-16
5.2835e+02 6.0627e-16
5.2850e+02 6.1338e-16
5.2864e+02 6.1338e-16
5.2879e+02 6.1338e-16
5.2895e+02 6.1338e-16
5.2910e+02 6.1338e-16
5.2925e+02 6.1338e-16
5.2939e+02 6.2308e-16
5.2954e+02 6.3278e-16
5.2970e+02 6.3278e-16
5.2985e+02 6.3278e-16
5.3000e+02 6.3278e-16
5.3014e+02 6.3278e-16
5.3029e+02 6.3278e-16
5.3045e+02 6.3243e-16
5.3060e+02 6.3208e-16
5.3075e+02 6.3208e-16
5.3089e+02 6.3208e-16
5.3104e+02 6.3208e-16
5.3120e+02 6.3208e-16
5.3135e+02 6.1676e-16
5.3150e+02 6.0144e-16
5.3164e+02 6.0144e-16
5.3179e+02 6.0144e-16
5.3195e+02 6.0144e-16
5.3210e+02 6.0144e-16
5.3225e+02 6.0144e-16
5.3239e+02 6.0289e-16
5.3254e+02 6.0435e-16
5.3270e+02 6.0435e-16
5.3285e+02 6.0435e-16
5.3300e+02 6.0435e-16
5.3314e+02 6.0435e-16
5.3329e+02 6.0435e-16
5.3345e+02 5.9691e-16
5.3360e+02 5.8947e-16
5.3375e+02 5.8947e-16
5.3389e+02 5.8947e-16
5.3404e+02 5.8947e-16
5.3420e+02 5.8947e-16
5.3435e+02 5.8147e-16
5.3450e+02 5.7346e-16
5.3464e+02 5.7346e-16
5.3479e+02 5.7346e-16
5.3495e+02 5.7346e-16
5.3510e+02 5.7346e-16
5.3525e+02 5.7346e-16
5.3539e+02 5.8906e-16
5.3554e+02 6.0465e-16
5.3570e+02 6.0465e-16
5.3585e+02 6.0465e-16
5.3600e+02 6.0465e-16
5.3614e+02 6.0465e-16
5.3629e+02 6.0465e-16
5.3645e+02 5.9850e-16
5.3660e+02 5.9234e-16
5.3675e+02 5.9234e-16
5.3689e+02 5.9234e-16
5.3704e+02 5.9234e-16
5.3720e+02 5.9234e-16
5.3735e+02 5.9404e-16
5.3750e+02 5.9574e-16
5.3764e+02 5.9574e-16
5.3779e+02 5.9574e-16
5.3795e+02 5.9574e-16
5.3810e+02 5.9574e-16
5.3825e+02 5.9574e-16
5.3839e+02 5.9577e-16
5.3854e+02 5.9580e-16
5.3870e+02 5.9580e-16
5.3885e+02 5.9580e-16
5.3900e+02 5.9580e-16
5.3914e+02 5.9580e-16
5.3929e+02 5.9580e-16
5.3945e+02 5.8692e-16
5.3960e+02 5.7804e-16
5.3975e+02 5.7804e-16
5.3989e+02 5.7804e-16
5.4004e+02 5.7804e-16
5.4020e+02 5.7804e-16
5.4035e+02 5.7695e-16
5.4050e+02 5.7586e-16
5.4064e+02 5.7586e-16
5.4079e+02 5.7586e-16
5.4095e+02 5.7586e-16
5.4110e+02 5.7586e-16
5.4125e+02 5.7586e-16
5.4139e+02 5.8314e-16
5.4154e+02 5.9042e-16
5.4170e+02 5.9042e-16
5.4185e+02 5.9042e-16
5.4200e+02 5.9042e-16
5.4214e+02 5.9042e-16
5.4229e+02 5.9042e-16
5.4245e+02 5.7384e-16
5.4260e+02 5.5727e-16
5.4275e+02 5.5727e-16
5.4289e+02 5.5727e-16
5.4304e+02 5.5727e-16
5.4320e+02 5.5727e-16
5.4335e+02 5.5091e-16
5.4350e+02 5.4455e-16
5.4364e+02 5.4455e-16
5.4379e+02 5.4455e-16
5.4395e+02 5.4455e-16
5.4410e+02 5.4455e-16
5.4425e+02 5.4455e-16
5.4439e+02 5.5502e-16
5.4454e+02 5.6548e-16
5.4470e+02 5.6548e-16
5.4485e+02 5.6548e-16
5.4500e+02 5.6548e-16
5.4514e+02 5.6548e-16
5.4529e+02 5.6548e-16
5.4545e+02 5.6749e-16
5.4560e+02 5.6949e-16
5.4575e+02 5.6949e-16
5.4589e+02 5.6949e-16
5.4604e+02 5.6949e-16
5.4620e+02 5.6949e-16
5.4635e+02 5.7039e-16
5.4650e+02 5.7129e-16
5.4664e+02 5.7129e-16
5.4679e+02 5.7129e-16
5.4695e+02 5.7129e-16
5.4710e+02 5.7129e-16
5.4725e+02 5.7129e-16
5.4739e+02 5.7627e-16
5.4754e+02 5.8126e-16
5.4770e+02 5.8126e-16
5.4785e+02 5.8126e-16
5.4800e+02 5.8126e-16
5.4814e+02 5.8126e-16
5.4829e+02 5.8126e-16
5.4845e+02 5.7418e-16
5.4860e+02 5.6710e-16
5.4875e+02 5.6710e-16
5.4889e+02 5.6710e-16
5.4904e+02 5.6710e-16
5.4920e+02 5.6710e-16
5.4935e+02 5.6496e-16
5.4950e+02 5.6282e-16
5.4964e+02 5.6282e-16
5.4979e+02 5.6282e-16
5.4995e+02 5.6282e-16
5.5010e+02 5.6282e-16
5.5025e+02 5.6282e-16
5.5039e+02 5.6745e-16
5.5054e+02 5.7209e-16
5.5070e+02 5.7209e-16
5.5085e+02 5.7209e-16
5.5100e+02 5.7209e-16
5.5114e+02 5.7209e-16
5.5129e+02 5.7209e-16
5.5145e+02 5.6796e-16
5.5160e+02 5.6382e-16
5.5175e+02 5.6382e-16
5.5189e+02 5.6382e-16
5.5204e+02 5.6382e-16
5.5220e+02 5.6382e-16
5.5235e+02 5.5816e-16
5.5250e+02 5.5249e-16
5.5264e+02 5.5249e-16
5.5279e+02 5.5249e-16
5.5295e+02 5.5249e-16
5.5310e+02 5.5249e-16
5.5325e+02 5.5249e-16
5.5339e+02 5.4126e-16
5.5354e+02 5.3002e-16
5.5370e+02 5.3002e-16
5.5385e+02 5.3002e-16
5.5400e+02 5.3002e-16
5.5414e+02 5.3002e-16
5.5429e+02 5.3002e-16
5.5445e+02 5.0734e-16
5.5460e+02 4.8465e-16
5.5475e+02 4.8465e-16
5.5489e+02 4.8465e-16
5.5504e+02 4.8465e-16
5.5520e+02 4.8465e-16
5.5535e+02 4.9832e-16
5.5550e+02 5.1198e-16
5.5564e+02 5.1198e-16
5.5579e+02 5.1198e-16
5.5595e+02 5.1198e-16
5.5610e+02 5.1198e-16
5.5625e+02 5.1198e-16
5.5639e+02 5.2396e-16
5.5654e+02 5.3594e-16
5.5670e+02 5.3594e-16
5.5685e+02 5.3594e-16
5.5700e+02 5.3594e-16
5.5714e+02 5.3594e-16
5.5729e+02 5.3594e-16
5.5745e+02 5.6587e-16
5.5760e+02 5.9580e-16
5.5775e+02 5.9580e-16
5.5789e+02 5.9580e-16
5.5804e+02 5.9580e-16
5.5820e+02 5.9580e-16
5.5835e+02 6.1463e-16
5.5850e+02 6.3346e-16
5.5864e+02 6.3346e-16
5.5879e+02 6.3346e-16
5.5895e+02 6.3346e-16
5.5910e+02 6.3346e-16
5.5925e+02 6.3346e-16
5.5939e+02 6.3924e-16
5.5954e+02 6.4502e-16
5.5970e+02 6.4502e-16
5.5985e+02 6.4502e-16
5.6000e+02 6.4502e-16
5.6014e+02 6.4502e-16
5.6029e+02 6.4502e-16
5.6045e+02 6.2008e-16
5.6060e+02 5.9513e-16
5.6075e+02 5.9513e-16
5.6089e+02 5.9513e-16
5.6104e+02 5.9513e-16
5.6120e+02 5.9513e-16
5.6135e+02 5.8433e-16
5.6150e+02 5.7354e-16
5.6164e+02 5.7354e-16
5.6179e+02 5.7354e-16
5.6195e+02 5.7354e-16
5.6210e+02 5.7354e-16
5.6225e+02 5.7354e-16
5.6239e+02 5.5925e-16
5.6254e+02 5.4495e-16
5.6270e+02 5.4495e-16
5.6285e+02 5.4495e-16
5.6300e+02 5.4495e-16
5.6314e+02 5.4495e-16
5.6329e+02 5.4495e-16
5.6345e+02 5.4407e-16
5.6360e+02 5.4318e-16
5.6375e+02 5.4318e-16
5.6389e+02 5.4318e-16
5.6404e+02 5.4318e-16
5.6420e+02 5.4318e-16
5.6435e+02 5.5320e-16
5.6450e+02 5.6323e-16
5.6464e+02 5.6323e-16
5.6479e+02 5.6323e-16
5.6495e+02 5.6323e-16
5.6510e+02 5.6323e-16
5.6525e+02 5.6323e-16
5.6539e+02 5.6330e-16
5.6554e+02 5.6336e-16
5.6570e+02 5.6336e-16
5.6585e+02 5.6336e-16
5.6600e+02 5.6336e-16
5.6614e+02 5.6336e-16
5.6629e+02 5.6336e-16
5.6645e+02 5.4181e-16
5.6660e+02 5.2027e-16
5.6675e+02 5.2027e-16
5.6689e+02 5.2027e-16
5.6704e+02 5.2027e-16
5.6720e+02 5.2027e-16
5.6735e+02 5.1934e-16
5.6750e+02 5.1841e-16
5.6764e+02 5.1841e-16
5.6779e+02 5.1841e-16
5.6795e+02 5.1841e-16
5.6810e+02 5.1841e-16
5.6825e+02 5.1841e-16
5.6839e+02 5.3422e-16
5.6854e+02 5.5003e-16
5.6870e+02 5.5003e-16
5.6885e+02 5.5003e-16
5.6900e+02 5.5003e-16
5.6914e+02 5.5003e-16
5.6929e+02 5.5003e-16
5.6945e+02 5.3668e-16
5.6960e+02 5.2332e-16
5.6975e+02 5.2332e-16
5.6989e+02 5.2332e-16
5.7004e+02 5.2332e-16
5.7020e+02 5.2332e-16
5.7035e+02 5.2053e-16
5.7050e+02 5.1774e-16
5.7064e+02 5.1774e-16
5.7079e+02 5.1774e-16
5.7095e+02 5.1774e-16
5.7110e+02 5.1774e-16
5.7125e+02 5.1774e-16
5.7139e+02 5.2702e-16
5.7154e+02 5.3630e-16
5.7170e+02 5.3630e-16
5.7185e+02 5.3630e-16
5.7200e+02 5.3630e-16
5.7214e+02 5.3630e-16
5.7229e+02 5.3630e-16
5.7245e+02 5.3656e-16
5.7260e+02 5.3683e-16
5.7275e+02 5.3683e-16
5.7289e+02 5.3683e-16
5.7304e+02 5.3683e-16
5.7320e+02 5.3683e-16
5.7335e+02 5.3442e-16
5.7350e+02 5.3201e-16
5.7364e+02 5.3201e-16
5.7379e+02 5.3201e-16
5.7395e+02 5.3201e-16
5.7410e+02 5.3201e-16
5.7425e+02 5.3201e-16
5.7439e+02 5.1924e-16
5.7454e+02 5.0647e-16
5.7470e+02 5.0647e-16
5.7485e+02 5.0647e-16
5.7500e+02 5.0647e-16
5.7514e+02 5.0647e-16
5.7529e+02 5.0647e-16
5.7545e+02 5.1427e-16
5.7560e+02 5.2207e-16
5.7575e+02 5.2207e-16
5.7589e+02 5.2207e-16
5.7604e+02 5.2207e-16
5.7620e+02 5.2207e-16
5.7635e+02 5.1098e-16
5.7650e+02 4.9989e-16
5.7664e+02 4.9989e-16
5.7679e+02 4.9989e-16
5.7695e+02 4.9989e-16
5.7710e+02 4.9989e-16
5.7725e+02 4.9989e-16
5.7739e+02 4.8985e-16
5.7754e+02 4.7981e-16
5.7770e+02 4.7981e-16
5.7785e+02 4.7981e-16
5.7800e+02 4.7981e-16
5.7814e+02 4.7981e-16
5.7829e+02 4.7981e-16
5.7845e+02 4.9212e-16
5.7860e+02 5.0443e-16
5.7875e+02 5.0443e-16
5.7889e+02 5.0443e-16
5.7904e+02 5.0443e-16
5.7920e+02 5.0443e-16
5.7935e+02 5.2036e-16
5.7950e+02 5.3630e-16
5.7964e+02 5.3630e-16
5.7979e+02 5.3630e-16
5.7995e+02 5.3630e-16
5.8010e+02 5.3630e-16
5.8025e+02 5.3630e-16
5.8039e+02 5.2789e-16
5.8054e+02 5.1949e-16
5.8070e+02 5.1949e-16
5.8085e+02 5.1949e-16
5.8100e+02 5.1949e-16
5.8114e+02 5.1949e-16
5.8129e+02 5.1949e-16
5.8145e+02 5.1177e-16
5.8160e+02 5.0404e-16
5.8175e+02 5.0404e-16
5.8189e+02 5.0404e-16
5.8204e+02 5.0404e-16
5.8220e+02 5.0404e-16
5.8235e+02 5.1213e-16
5.8250e+02 5.2022e-16
5.8264e+02 5.2022e-16
5.8279e+02 5.2022e-16
5.8295e+02 5.2022e-16
5.8310e+02 5.2022e-16
5.8325e+02 5.2022e-16
5.8339e+02 5.1495e-16
5.8354e+02 5.0969e-16
5.8370e+02 5.0969e-16
5.8385e+02 5.0969e-16
5.8400e+02 5.0969e-16
5.8414e+02 5.0969e-16
5.8429e+02 5.0969e-16
5.8445e+02 5.1037e-16
5.8460e+02 5.1105e-16
5.8475e+02 5.1105e-16
5.8489e+02 5.1105e-16
5.8504e+02 5.1105e-16
5.8520e+02 5.1105e-16
5.8535e+02 5.2252e-16
5.8550e+02 5.3399e-16
5.8564e+02 5.3399e-16
5.8579e+02 5.3399e-16
5.8595e+02 5.3399e-16
5.8610e+02 5.3399e-16
5.8625e+02 5.3399e-16
5.8639e+02 5.3423e-16
5.8654e+02 5.3447e-16
5.8670e+02 5.3447e-16
5.8685e+02 5.3447e-16
5.8700e+02 5.3447e-16
5.8714e+02 5.3447e-16
5.8729e+02 5.3447e-16
5.8745e+02 5.3447e-16
5.8760e+02 5.3446e-16
5.8775e+02 5.3446e-16
5.8789e+02 5.3446e-16
5.8804e+02 5.3446e-16
5.8820e+02 5.3446e-16
5.8835e+02 5.3608e-16
5.8850e+02 5.3770e-16
5.8864e+02 5.3770e-16
5.8879e+02 5.3770e-16
5.8895e+02 5.3770e-16
5.8910e+02 5.3770e-16
5.8925e+02 5.3770e-16
5.8939e+02 5.3617e-16
5.8954e+02 5.3464e-16
5.8970e+02 5.3464e-16
5.8985e+02 5.3464e-16
5.9000e+02 5.3464e-16
5.9014e+02 5.3464e-16
5.9029e+02 5.3464e-16
5.9045e+02 5.2317e-16
5.9060e+02 5.1170e-16
5.9075e+02 5.1170e-16
5.9089e+02 5.1170e-16
5.9104e+02 5.1170e-16
5.9120e+02 5.1170e-16
5.9135e+02 5.0771e-16
5.9150e+02 5.0372e-16
5.9164e+02 5.0372e-16
5.9179e+02 5.0372e-16
5.9195e+02 5.0372e-16
5.9210e+02 5.0372e-16
5.9225e+02 5.0372e-16
5.9239e+02 5.0507e-16
5.9254e+02 5.0642e-16
5.9270e+02 5.0642e-16
5.9285e+02 5.0642e-16
5.9300e+02 5.0642e-16
5.9314e+02 5.0642e-16
5.9329e+02 5.0642e-16
5.9345e+02 5.2156e-16
5.9360e+02 5.3670e-16
5.9375e+02 5.3670e-16
5.9389e+02 5.3670e-16
5.9404e+02 5.3670e-16
5.9420e+02 5.3670e-16
5.9435e+02 5.3671e-16
5.9450e+02 5.3672e-16
5.9464e+02 5.3672e-16
5.9479e+02 5.3672e-16
5.9495e+02 5.3672e-16
5.9510e+02 5.3672e-16
5.9525e+02 5.3672e-16
5.9539e+02 5.2779e-16
5.9554e+02 5.1886e-16
5.9570e+02 5.1886e-16
5.9585e+02 5.1886e-16
5.9600e+02 5.1886e-16
5.9614e+02 5.1886e-16
5.9629e+02 5.1886e-16
5.9645e+02 5.1490e-16
5.9660e+02 5.1094e-16
5.9675e+02 5.1094e-16
5.9689e+02 5.1094e-16
5.9704e+02 5.1094e-16
5.9720e+02 5.1094e-16
5.9735e+02 5.2388e-16
5.9750e+02 5.3683e-16
5.9764e+02 5.3683e-16
5.9779e+02 5.3683e-16
5.9795e+02 5.3683e-16
5.9810e+02 5.3683e-16
5.9825e+02 5.3683e-16
5.9839e+02 5.3797e-16
5.9854e+02 5.3911e-16
5.9870e+02 5.3911e-16
5.9885e+02 5.3911e-16
5.9900e+02 5.3911e-16
5.9914e+02 5.3911e-16
5.9929e+02 5.3911e-16
5.9945e+02 5.3266e-16
5.9960e+02 5.2621e-16
5.9975e+02 5.2621e-16
5.9989e+02 5.2621e-16
6.0004e+02 5.2621e-16
6.0020e+02 5.2621e-16
6.0035e+02 5.1825e-16
6.0050e+02 5.1030e-16
6.0064e+02 5.1030e-16
6.0079e+02 5.1030e-16
6.0095e+02 5.1030e-16
6.0110e+02 5.1030e-16
6.0125e+02 5.1030e-16
6.0139e+02 5.1325e-16
6.0154e+02 5.1620e-16
6.0170e+02 5.1620e-16
6.0185e+02 5.1620e-16
6.0200e+02 5.1620e-16
6.0214e+02 5.1620e-16
6.0229e+02 5.1620e-16
6.0245e+02 5.1825e-16
6.0260e+02 5.2029e-16
6.0275e+02 5.2029e-16
6.0289e+02 5.2029e-16
6.0304e+02 5.2029e-16
6.0320e+02 5.2029e-16
6.0335e+02 4.9985e-16
6.0350e+02 4.7941e-16
6.0364e+02 4.7941e-16
6.0379e+02 4.7941e-16
6.0395e+02 4.7941e-16
6.0410e+02 4.7941e-16
6.0425e+02 4.7941e-16
6.0439e+02 4.7078e-16
6.0454e+02 4.6215e-16
6.0470e+02 4.6215e-16
6.0485e+02 4.6215e-16
6.0500e+02 4.6215e-16
6.0514e+02 4.6215e-16
6.0529e+02 4.6215e-16
6.0545e+02 4.7603e-16
6.0560e+02 4.8991e-16
6.0575e+02 4.8991e-16
6.0589e+02 4.8991e-16
6.0604e+02 4.8991e-16
6.0620e+02 4.8991e-16
6.0635e+02 4.8831e-16
6.0650e+02 4.8671e-16
6.0664e+02 4.8671e-16
6.0679e+02 4.8671e-16
6.0695e+02 4.8671e-16
6.0710e+02 4.8671e-16
6.0725e+02 4.8671e-16
6.0739e+02 4.9453e-16
6.0754e+02 5.0235e-16
6.0770e+02 5.0235e-16
6.0785e+02 5.0235e-16
6.0800e+02 5.0235e-16
6.0814e+02 5.0235e-16
6.0829e+02 5.0235e-16
6.0845e+02 4.9479e-16
6.0860e+02 4.8723e-16
6.0875e+02 4.8723e-16
6.0889e+02 4.8723e-16
6.0904e+02 4.8723e-16
6.0920e+02 4.8723e-16
6.0935e+02 4.8348e-16
6.0950e+02 4.7973e-16
6.0964e+02 4.7973e-16
6.0979e+02 4.7973e-16
6.0995e+02 4.7973e-16
6.1010e+02 4.7973e-16
6.1025e+02 4.7973e-16
6.1039e+02 4.7827e-16
6.1054e+02 4.7682e-16
6.1070e+02 4.7682e-16
6.1085e+02 4.7682e-16
6.1100e+02 4.7682e-16
6.1114e+02 4.7682e-16
6.1129e+02 4.7682e-16
6.1145e+02 4.8408e-16
6.1160e+02 4.9134e-16
6.1175e+02 4.9134e-16
