# lam(nm) Flux (erg/s/cm2/Ang)
3.8005e+02 7.4152e-13
3.8242e+02 7.3483e-13
3.8482e+02 7.2807e-13
3.8726e+02 7.2125e-13
3.8973e+02 7.1435e-13
3.9223e+02 7.0739e-13
3.9476e+02 7.0037e-13
3.9732e+02 6.9328e-13
3.9992e+02 6.8614e-13
4.0255e+02 6.7893e-13
4.0521e+02 6.7167e-13
4.0792e+02 6.6435e-13
4.1065e+02 6.5698e-13
4.1343e+02 6.4956e-13
4.1624e+02 6.4209e-13
4.1909e+02 6.3457e-13
4.2198e+02 6.2701e-13
4.2491e+02 6.1941e-13
4.2788e+02 6.1176e-13
4.3090e+02 6.0407e-13
4.3395e+02 5.9635e-13
4.3705e+02 5.8859e-13
4.4020e+02 5.8080e-13
4.4338e+02 5.7298e-13
4.4662e+02 5.6513e-13
4.4991e+02 5.5726e-13
4.5324e+02 5.4936e-13
4.5662e+02 5.4144e-13
4.6005e+02 5.3350e-13
4.6354e+02 5.2555e-13
4.6708e+02 5.1758e-13
4.7067e+02 5.0960e-13
4.7432e+02 5.0161e-13
4.7802e+02 4.9362e-13
4.8179e+02 4.8562e-13
4.8561e+02 4.7761e-13
4.8950e+02 4.6961e-13
4.9344e+02 4.6162e-13
4.9746e+02 4.5362e-13
5.0153e+02 4.4564e-13
5.0568e+02 4.3766e-13
5.0989e+02 4.2970e-13
5.1418e+02 4.2176e-13
5.1853e+02 4.1383e-13
5.2297e+02 4.0593e-13
5.2748e+02 3.9804e-13
5.3206e+02 3.9019e-13
5.3673e+02 3.8236e-13
5.4148e+02 3.7456e-13
5.4631e+02 3.6680e-13
5.5124e+02 3.5907e-13
5.5625e+02 3.5138e-13
5.6135e+02 3.4373e-13
5.6655e+02 3.3613e-13
5.7184e+02 3.2857e-13
5.7724e+02 3.2105e-13
5.8274e+02 3.1359e-13
5.8834e+02 3.0619e-13
5.9405e+02 2.9883e-13
5.9987e+02 2.9154e-13
6.0581e+02 2.8431e-13
6.1187e+02 2.7713e-13
6.1805e+02 2.7003e-13
6.2436e+02 2.6299e-13
6.3080e+02 2.5601e-13
6.3737e+02 2.4911e-13
6.4408e+02 2.4229e-13
6.5093e+02 2.3553e-13
6.5793e+02 2.2886e-13
6.6508e+02 2.2226e-13
6.7239e+02 2.1575e-13
6.7986e+02 2.0932e-13
6.8750e+02 2.0297e-13
6.9531e+02 1.9671e-13
7.0330e+02 1.9054e-13
7.1148e+02 1.8446e-13
7.1985e+02 1.7847e-13
7.2842e+02 1.7257e-13
7.3720e+02 1.6677e-13
7.4618e+02 1.6107e-13
7.5540e+02 1.5546e-13
7.6484e+02 1.4995e-13
7.7452e+02 1.4454e-13
7.8445e+02 1.3924e-13
