# lam(nm) Flux (erg/s/cm2/Ang)
3.8005e+02 7.5740e-13
3.8242e+02 7.5057e-13
3.8482e+02 7.4367e-13
3.8726e+02 7.3670e-13
3.8973e+02 7.2965e-13
3.9223e+02 7.2255e-13
3.9476e+02 7.1537e-13
3.9732e+02 7.0813e-13
3.9992e+02 7.0083e-13
4.0255e+02 6.9348e-13
4.0521e+02 6.8606e-13
4.0792e+02 6.7858e-13
4.1065e+02 6.7106e-13
4.1343e+02 6.6348e-13
4.1624e+02 6.5585e-13
4.1909e+02 6.4817e-13
4.2198e+02 6.4044e-13
4.2491e+02 6.3267e-13
4.2788e+02 6.2486e-13
4.3090e+02 6.1701e-13
4.3395e+02 6.0912e-13
4.3705e+02 6.0120e-13
4.4020e+02 5.9324e-13
4.4338e+02 5.8526e-13
4.4662e+02 5.7724e-13
4.4991e+02 5.6920e-13
4.5324e+02 5.6113e-13
4.5662e+02 5.5304e-13
4.6005e+02 5.4493e-13
4.6354e+02 5.3681e-13
4.6708e+02 5.2867e-13
4.7067e+02 5.2052e-13
4.7432e+02 5.1236e-13
4.7802e+02 5.0419e-13
4.8179e+02 4.9602e-13
4.8561e+02 4.8785e-13
4.8950e+02 4.7967e-13
4.9344e+02 4.7150e-13
4.9746e+02 4.6334e-13
5.0153e+02 4.5519e-13
5.0568e+02 4.4704e-13
5.0989e+02 4.3891e-13
5.1418e+02 4.3079e-13
5.1853e+02 4.2270e-13
5.2297e+02 4.1462e-13
5.2748e+02 4.0657e-13
5.3206e+02 3.9855e-13
5.3673e+02 3.9055e-13
5.4148e+02 3.8259e-13
5.4631e+02 3.7466e-13
5.5124e+02 3.6676e-13
5.5625e+02 3.5891e-13
5.6135e+02 3.5109e-13
5.6655e+02 3.4333e-13
5.7184e+02 3.3561e-13
5.7724e+02 3.2793e-13
5.8274e+02 3.2031e-13
5.8834e+02 3.1275e-13
5.9405e+02 3.0524e-13
5.9987e+02 2.9778e-13
6.0581e+02 2.9040e-13
6.1187e+02 2.8307e-13
6.1805e+02 2.7581e-13
6.2436e+02 2.6862e-13
6.3080e+02 2.6150e-13
6.3737e+02 2.5445e-13
6.4408e+02 2.4748e-13
6.5093e+02 2.4058e-13
6.5793e+02 2.3376e-13
6.6508e+02 2.2702e-13
6.7239e+02 2.2037e-13
6.7986e+02 2.1380e-13
6.8750e+02 2.0732e-13
6.9531e+02 2.0093e-13
7.0330e+02 1.9462e-13
7.1148e+02 1.8841e-13
7.1985e+02 1.8229e-13
7.2842e+02 1.7627e-13
7.3720e+02 1.7035e-13
7.4618e+02 1.6452e-13
7.5540e+02 1.5879e-13
7.6484e+02 1.5317e-13
7.7452e+02 1.4764e-13
7.8445e+02 1.4222e-13
