# lam(nm) Flux (erg/s/cm2/Ang)
3.8005e+02 7.8048e-12
3.8242e+02 7.9027e-12
3.8482e+02 8.0024e-12
3.8726e+02 8.1040e-12
3.8973e+02 8.2076e-12
3.9223e+02 8.3132e-12
3.9476e+02 8.4208e-12
3.9732e+02 8.5305e-12
3.9992e+02 8.6424e-12
4.0255e+02 8.7564e-12
4.0521e+02 8.8728e-12
4.0792e+02 8.9915e-12
4.1065e+02 9.1126e-12
4.1343e+02 9.2362e-12
4.1624e+02 9.3623e-12
4.1909e+02 9.4910e-12
4.2198e+02 9.6223e-12
4.2491e+02 9.7564e-12
4.2788e+02 9.8933e-12
4.3090e+02 1.0033e-11
4.3395e+02 1.0176e-11
4.3705e+02 1.0322e-11
4.4020e+02 1.0471e-11
4.4338e+02 1.0623e-11
4.4662e+02 1.0779e-11
4.4991e+02 1.0938e-11
4.5324e+02 1.1101e-11
4.5662e+02 1.1267e-11
4.6005e+02 1.1437e-11
4.6354e+02 1.1611e-11
4.6708e+02 1.1789e-11
4.7067e+02 1.1971e-11
4.7432e+02 1.2157e-11
4.7802e+02 1.2348e-11
4.8179e+02 1.2543e-11
4.8561e+02 1.2743e-11
4.8950e+02 1.2948e-11
4.9344e+02 1.3157e-11
4.9746e+02 1.3372e-11
5.0153e+02 1.3592e-11
5.0568e+02 1.3818e-11
5.0989e+02 1.4049e-11
5.1418e+02 1.4286e-11
5.1853e+02 1.4529e-11
5.2297e+02 1.4779e-11
5.2748e+02 1.5035e-11
5.3206e+02 1.5297e-11
5.3673e+02 1.5567e-11
5.4148e+02 1.5844e-11
5.4631e+02 1.6128e-11
5.5124e+02 1.6420e-11
5.5625e+02 1.6720e-11
5.6135e+02 1.7028e-11
5.6655e+02 1.7345e-11
5.7184e+02 1.7670e-11
5.7724e+02 1.8005e-11
5.8274e+02 1.8350e-11
5.8834e+02 1.8705e-11
5.9405e+02 1.9070e-11
5.9987e+02 1.9445e-11
6.0581e+02 1.9832e-11
6.1187e+02 2.0231e-11
6.1805e+02 2.0642e-11
6.2436e+02 2.1065e-11
6.3080e+02 2.1502e-11
6.3737e+02 2.1952e-11
6.4408e+02 2.2417e-11
6.5093e+02 2.2896e-11
6.5793e+02 2.3391e-11
6.6508e+02 2.3902e-11
6.7239e+02 2.4431e-11
6.7986e+02 2.4976e-11
6.8750e+02 2.5541e-11
6.9531e+02 2.6125e-11
7.0330e+02 2.6729e-11
7.1148e+02 2.7354e-11
7.1985e+02 2.8001e-11
7.2842e+02 2.8672e-11
7.3720e+02 2.9367e-11
7.4618e+02 3.0088e-11
7.5540e+02 3.0835e-11
7.6484e+02 3.1611e-11
7.7452e+02 3.2416e-11
7.8445e+02 3.3253e-11
